"tick","Dead","InfectedvA","InfectedvB","Quarantined","Recovered","Susceptible","Vaccinated"
1.0,0,11,10,0,0,999,0
2.0,0,11,10,0,0,999,0
3.0,0,13,10,0,0,997,0
4.0,0,15,9,0,1,995,0
5.0,0,16,8,0,2,994,0
6.0,0,14,10,0,4,992,0
7.0,0,14,10,0,4,992,0
8.0,0,16,14,0,4,986,0
9.0,0,17,14,0,5,984,0
10.0,0,17,14,0,6,983,0
11.0,0,18,19,0,6,977,0
12.0,0,19,19,0,7,975,0
13.0,0,19,20,0,7,974,0
14.0,0,20,22,0,7,971,0
15.0,0,20,23,0,9,968,0
16.0,0,20,25,0,9,966,0
17.0,0,20,27,0,9,964,0
18.0,0,21,28,0,9,962,0
19.0,0,22,28,0,9,961,0
20.0,0,23,28,0,9,960,0
21.0,0,18,24,0,23,955,0
22.0,0,18,24,0,24,954,0
23.0,0,18,25,0,24,953,0
24.0,0,16,23,0,28,953,0
25.0,0,15,25,0,30,950,0
26.0,0,15,27,0,30,948,0
27.0,0,15,29,0,32,944,0
28.0,0,16,30,0,32,942,0
29.0,0,13,31,0,37,939,0
30.0,0,14,30,0,39,937,0
31.0,0,15,31,0,40,934,0
32.0,0,20,28,0,46,926,0
33.0,0,19,30,0,48,923,0
34.0,0,20,29,0,49,922,0
35.0,0,18,29,0,52,921,0
36.0,0,17,30,0,55,918,0
37.0,0,18,27,0,59,916,0
38.0,0,18,26,0,62,914,0
39.0,0,19,25,0,65,911,0
40.0,0,20,27,0,66,907,0
41.0,0,23,26,0,68,903,0
42.0,0,23,24,0,74,899,0
43.0,0,23,25,0,74,898,0
44.0,0,25,28,0,75,892,0
45.0,0,24,28,0,77,891,0
46.0,0,24,31,0,77,888,0
47.0,0,25,31,0,80,884,0
48.0,0,26,30,0,84,880,0
49.0,0,27,29,0,86,878,0
50.0,0,29,29,0,88,874,0
51.0,0,28,30,0,89,873,0
52.0,0,28,30,0,92,870,0
53.0,0,29,27,0,100,864,0
54.0,0,29,27,0,103,861,0
55.0,0,28,28,0,104,860,0
56.0,0,28,28,0,104,860,0
57.0,0,28,29,0,107,856,0
58.0,0,29,29,0,108,854,0
59.0,0,31,29,0,110,850,0
60.0,0,28,31,0,113,848,0
61.0,0,26,30,0,116,848,0
62.0,0,24,34,0,118,844,0
63.0,0,24,32,0,122,842,0
64.0,0,24,30,0,125,841,0
65.0,0,23,26,0,132,839,0
66.0,0,23,26,0,132,839,0
67.0,0,23,25,0,136,836,0
68.0,0,23,22,0,141,834,0
69.0,0,22,21,0,146,831,0
70.0,0,22,20,0,149,829,0
71.0,0,23,19,0,152,826,0
72.0,0,24,19,0,152,825,0
73.0,0,27,23,0,155,815,0
74.0,0,23,25,0,160,812,0
75.0,0,27,22,0,164,807,0
76.0,0,28,22,0,164,806,0
77.0,0,28,23,0,164,805,0
78.0,0,31,23,0,165,801,0
79.0,0,29,24,0,167,800,0
80.0,0,28,22,0,171,799,0
81.0,0,30,20,0,173,797,0
82.0,0,32,20,0,173,795,0
83.0,0,35,16,0,177,792,0
84.0,0,34,17,0,179,790,0
85.0,0,36,15,0,182,787,0
86.0,0,38,15,0,186,781,0
87.0,0,39,16,0,186,779,0
88.0,0,40,15,0,188,777,0
89.0,0,41,16,0,190,773,0
90.0,0,42,14,0,193,771,0
91.0,0,42,15,0,195,768,0
92.0,0,39,16,0,198,767,0
93.0,0,40,17,0,200,763,0
94.0,0,36,13,0,210,761,0
95.0,0,36,11,0,212,761,0
96.0,0,34,11,0,216,759,0
97.0,0,35,11,0,217,757,0
98.0,0,34,11,0,218,757,0
99.0,0,33,10,0,222,755,0
100.0,0,35,11,0,223,751,0
101.0,0,35,10,0,225,750,0
102.0,0,34,11,0,228,747,0
103.0,0,33,11,0,231,745,0
104.0,0,29,14,0,236,741,0
105.0,0,29,15,0,238,738,0
106.0,0,27,18,0,241,734,0
107.0,0,23,17,0,247,733,0
108.0,0,25,16,0,249,730,0
109.0,0,25,16,0,251,728,0
110.0,0,23,15,0,254,728,0
111.0,0,22,16,0,256,726,0
112.0,0,21,16,0,257,726,0
113.0,0,21,14,0,259,726,0
114.0,0,17,14,0,265,724,0
115.0,0,16,14,0,267,723,0
116.0,0,16,14,0,267,723,0
117.0,0,15,14,0,269,722,0
118.0,0,14,14,0,271,721,0
119.0,0,15,13,0,272,720,0
120.0,0,15,13,0,273,719,0
121.0,0,13,12,0,277,718,0
122.0,0,13,14,0,277,716,0
123.0,0,13,15,0,279,713,0
124.0,0,10,15,0,283,712,0
125.0,0,10,12,0,286,712,0
126.0,0,10,12,0,288,710,0
127.0,0,10,12,0,290,708,0
128.0,0,10,12,0,291,707,0
129.0,0,9,13,0,293,705,0
130.0,0,8,12,0,295,705,0
131.0,0,8,14,0,295,703,0
132.0,0,7,15,0,296,702,0
133.0,0,8,15,0,296,701,0
134.0,0,8,15,0,296,701,0
135.0,0,8,14,0,297,701,0
136.0,0,8,13,0,298,701,0
137.0,0,9,14,0,298,699,0
138.0,0,10,13,0,299,698,0
139.0,0,9,13,0,300,698,0
140.0,0,8,15,0,301,696,0
141.0,0,7,15,0,302,696,0
142.0,0,7,14,0,304,695,0
143.0,0,7,17,0,306,690,0
144.0,0,6,16,0,308,690,0
145.0,0,6,16,0,309,689,0
146.0,0,6,17,0,309,688,0
147.0,0,7,15,0,311,687,0
148.0,0,6,16,0,312,686,0
149.0,0,5,16,0,313,686,0
150.0,0,4,15,0,315,686,0
151.0,0,4,15,0,315,686,0
152.0,0,5,13,0,317,685,0
153.0,0,5,12,0,318,685,0
154.0,0,4,11,0,320,685,0
155.0,0,4,11,0,320,685,0
156.0,0,5,11,0,320,684,0
157.0,0,5,12,0,320,683,0
158.0,0,4,13,0,322,681,0
159.0,0,3,13,0,323,681,0
160.0,0,3,13,0,323,681,0
161.0,0,3,13,0,324,680,0
162.0,0,3,15,0,324,678,0
163.0,0,3,14,0,325,678,0
164.0,0,3,10,0,330,677,0
165.0,0,3,9,0,331,677,0
166.0,0,3,9,0,332,676,0
167.0,0,3,8,0,333,676,0
168.0,0,2,8,0,334,676,0
169.0,0,2,7,0,335,676,0
170.0,0,2,7,0,335,676,0
171.0,0,3,7,0,335,675,0
172.0,0,3,8,0,335,674,0
173.0,0,2,9,0,336,673,0
174.0,0,2,9,0,336,673,0
175.0,0,2,9,0,336,673,0
176.0,0,2,10,0,336,672,0
177.0,0,2,11,0,337,670,0
178.0,0,2,10,0,338,670,0
179.0,0,2,9,0,340,669,0
180.0,0,3,9,0,340,668,0
181.0,0,3,9,0,340,668,0
182.0,0,4,10,0,341,665,0
183.0,0,5,10,0,342,663,0
184.0,0,5,12,0,342,661,0
185.0,0,5,12,0,343,660,0
186.0,0,5,12,0,343,660,0
187.0,0,4,11,0,345,660,0
188.0,0,4,10,0,346,660,0
189.0,0,4,11,0,346,659,0
190.0,0,5,11,0,346,658,0
191.0,0,5,11,0,346,658,0
192.0,0,4,11,0,347,658,0
193.0,0,4,11,0,348,657,0
194.0,0,5,10,0,349,656,0
195.0,0,6,10,0,349,655,0
196.0,0,6,10,0,349,655,0
197.0,0,6,9,0,350,655,0
198.0,0,7,8,0,352,653,0
199.0,0,6,8,0,353,653,0
200.0,0,6,9,0,354,651,0
201.0,0,5,9,0,355,651,0
202.0,0,5,10,0,355,650,0
203.0,0,4,9,0,357,650,0
204.0,0,4,8,0,358,650,0
205.0,0,5,6,0,360,649,0
206.0,0,5,5,0,361,649,0
207.0,0,6,5,0,361,648,0
208.0,0,7,5,0,361,647,0
209.0,0,7,6,0,361,646,0
210.0,0,7,5,0,362,646,0
211.0,0,6,5,0,363,646,0
212.0,0,6,5,0,363,646,0
213.0,0,7,5,0,363,645,0
214.0,0,7,3,0,365,645,0
215.0,0,6,3,0,366,645,0
216.0,0,6,3,0,366,645,0
217.0,0,6,3,0,366,645,0
218.0,0,6,3,0,366,645,0
219.0,0,4,3,0,368,645,0
220.0,0,4,3,0,368,645,0
221.0,0,4,2,0,369,645,0
222.0,0,4,2,0,369,645,0
223.0,0,4,1,0,370,645,0
224.0,0,4,1,0,370,645,0
225.0,0,4,1,0,370,645,0
226.0,0,3,1,0,371,645,0
227.0,0,4,1,0,371,644,0
228.0,0,3,1,0,372,644,0
229.0,0,2,2,0,373,643,0
230.0,0,2,1,0,374,643,0
231.0,0,2,1,0,374,643,0
232.0,0,2,1,0,374,643,0
233.0,0,2,1,0,374,643,0
234.0,0,2,1,0,375,642,0
235.0,0,3,1,0,375,641,0
236.0,0,3,1,0,375,641,0
237.0,0,2,1,0,376,641,0
238.0,0,2,1,0,376,641,0
239.0,0,2,1,0,376,641,0
240.0,0,4,1,0,376,639,0
241.0,0,4,1,0,376,639,0
242.0,0,4,1,0,376,639,0
243.0,0,4,1,0,376,639,0
244.0,0,4,1,0,376,639,0
245.0,0,4,1,0,376,639,0
246.0,0,4,1,0,376,639,0
247.0,0,4,1,0,376,639,0
248.0,0,2,2,0,378,638,0
249.0,0,2,2,0,378,638,0
250.0,0,2,1,0,379,638,0
251.0,0,2,1,0,379,638,0
252.0,0,2,1,0,379,638,0
253.0,0,2,2,0,379,637,0
254.0,0,2,2,0,379,637,0
255.0,0,2,2,0,379,637,0
256.0,0,2,2,0,379,637,0
257.0,0,2,2,0,379,637,0
258.0,0,2,2,0,379,637,0
259.0,0,1,3,0,380,636,0
260.0,0,1,4,0,380,635,0
261.0,0,0,4,0,381,635,0
262.0,0,0,4,0,381,635,0
263.0,0,0,4,0,381,635,0
264.0,0,0,4,0,381,635,0
265.0,0,0,4,0,381,635,0
266.0,0,0,4,0,381,635,0
267.0,0,0,4,0,381,635,0
268.0,0,0,4,0,381,635,0
269.0,0,0,3,0,382,635,0
270.0,0,0,3,0,382,635,0
271.0,0,0,3,0,382,635,0
272.0,0,0,3,0,382,635,0
273.0,0,0,3,0,382,635,0
274.0,0,0,2,0,383,635,0
275.0,0,0,2,0,383,635,0
276.0,0,0,2,0,383,635,0
277.0,0,0,2,0,383,635,0
278.0,0,0,2,0,383,635,0
279.0,0,0,2,0,383,635,0
280.0,0,0,1,0,384,635,0
281.0,0,0,0,0,385,635,0
