"tick","Dead","Hospital","InfectedvA","InfectedvB","Susceptible","Vaccinatated","Recovered"
1.0,0,1,11,13,996,0,0
2.0,0,1,11,15,994,0,0
3.0,0,1,10,18,991,0,1
4.0,0,1,10,19,990,0,1
5.0,0,1,10,20,988,0,2
6.0,0,1,11,21,986,0,2
7.0,0,1,10,23,984,0,3
8.0,0,1,10,26,981,0,3
9.0,0,1,10,30,977,0,3
10.0,0,1,10,35,972,0,3
11.0,0,1,12,40,965,0,3
12.0,0,1,13,42,962,0,3
13.0,0,1,14,47,956,0,3
14.0,0,1,16,49,951,0,4
15.0,0,1,15,52,948,0,5
16.0,0,1,14,55,945,0,6
17.0,0,1,15,58,941,0,6
18.0,0,1,15,62,936,0,7
19.0,0,1,14,67,929,0,10
20.0,0,1,16,69,925,0,10
21.0,0,1,10,65,921,0,24
22.0,0,1,10,65,916,0,29
23.0,0,1,12,69,908,0,31
24.0,0,1,11,71,903,0,35
25.0,0,1,11,74,899,0,36
26.0,0,1,13,78,891,0,38
27.0,0,1,12,83,884,0,41
28.0,0,1,12,84,880,0,44
29.0,0,1,13,81,878,0,48
30.0,0,1,14,82,873,0,51
31.0,0,1,14,80,869,0,57
32.0,0,1,16,80,861,0,63
33.0,0,1,16,79,857,0,68
34.0,0,1,17,79,851,0,73
35.0,0,1,16,78,849,0,77
36.0,0,1,17,81,843,0,79
37.0,0,1,17,85,835,0,83
38.0,0,1,18,87,828,0,87
39.0,0,1,18,87,823,0,92
40.0,0,1,18,85,816,0,101
41.0,0,1,20,88,808,0,104
42.0,0,1,21,92,798,0,109
43.0,0,1,21,94,792,0,113
44.0,0,1,19,94,785,0,122
45.0,0,1,19,96,778,0,127
46.0,0,1,18,96,774,0,132
47.0,0,1,17,92,770,0,141
48.0,0,1,19,93,761,0,147
49.0,0,1,20,93,756,0,151
50.0,0,1,20,96,751,0,153
51.0,0,1,19,97,747,0,157
52.0,0,1,18,93,745,0,164
53.0,0,1,16,94,740,0,170
54.0,0,1,15,93,738,0,174
55.0,0,1,13,98,730,0,179
56.0,0,1,13,99,726,0,182
57.0,0,1,13,97,722,0,188
58.0,0,1,13,100,712,0,195
59.0,0,1,11,97,708,0,204
60.0,0,1,12,99,702,0,207
61.0,0,1,12,94,699,0,215
62.0,0,1,11,94,692,0,223
63.0,0,1,10,92,684,0,234
64.0,0,1,9,89,682,0,240
65.0,0,1,8,87,677,0,248
66.0,0,1,7,84,673,0,256
67.0,0,1,8,84,669,0,259
68.0,0,1,7,87,662,0,264
69.0,0,1,7,85,656,0,272
70.0,0,1,7,83,654,0,276
71.0,0,1,6,88,646,0,280
72.0,0,1,6,81,646,0,287
73.0,0,1,5,85,642,0,288
74.0,0,1,5,84,637,0,294
75.0,0,1,6,88,630,0,296
76.0,0,1,5,85,627,0,303
77.0,0,1,5,83,624,0,308
78.0,0,1,5,84,619,0,312
79.0,0,1,4,77,617,0,322
80.0,0,1,4,83,608,0,325
81.0,0,1,1,84,602,0,333
82.0,0,1,1,85,598,0,336
83.0,0,1,1,83,595,0,341
84.0,0,1,1,80,590,0,349
85.0,0,1,1,84,586,0,349
86.0,0,1,2,80,582,0,356
87.0,0,1,2,76,581,0,361
88.0,0,1,2,75,578,0,365
89.0,0,1,2,79,569,0,370
90.0,0,1,1,77,566,0,376
91.0,0,1,1,76,564,0,379
92.0,0,1,1,71,562,0,386
93.0,0,1,1,70,561,0,388
94.0,0,1,1,67,560,0,392
95.0,0,1,1,68,555,0,396
96.0,0,1,1,67,551,0,401
97.0,0,1,1,69,546,0,404
98.0,0,1,1,72,541,0,406
99.0,0,1,1,66,540,0,413
100.0,0,1,1,67,537,0,415
101.0,0,1,1,63,536,0,420
102.0,0,1,1,60,534,0,425
103.0,0,1,1,57,531,0,431
104.0,0,1,1,57,528,0,434
105.0,0,1,1,54,526,0,439
106.0,0,1,1,49,526,0,444
107.0,0,1,0,48,525,0,447
108.0,0,1,0,50,522,0,448
109.0,0,1,0,51,518,0,451
110.0,0,1,0,45,518,0,457
111.0,0,1,0,43,517,0,460
112.0,0,1,0,43,515,0,462
113.0,0,1,0,44,513,0,463
114.0,0,1,0,43,513,0,464
115.0,0,1,0,42,513,0,465
116.0,0,1,0,44,508,0,468
117.0,0,1,0,41,507,0,472
118.0,0,1,0,40,504,0,476
119.0,0,1,0,37,502,0,481
120.0,0,1,0,37,501,0,482
121.0,0,1,0,34,500,0,486
122.0,0,1,0,35,498,0,487
123.0,0,1,0,34,497,0,489
124.0,0,1,0,33,495,0,492
125.0,0,1,0,31,494,0,495
126.0,0,1,0,32,491,0,497
127.0,0,1,0,36,487,0,497
128.0,0,1,0,38,484,0,498
129.0,0,1,0,39,481,0,500
130.0,0,1,0,36,480,0,504
131.0,0,1,0,36,478,0,506
132.0,0,1,0,37,474,0,509
133.0,0,1,0,37,472,0,511
134.0,0,1,0,37,470,0,513
135.0,0,1,0,38,469,0,513
136.0,0,1,0,41,466,0,513
137.0,0,1,0,37,466,0,517
138.0,0,1,0,36,466,0,518
139.0,0,1,0,33,465,0,522
140.0,0,1,0,33,464,0,523
141.0,0,1,0,32,464,0,524
142.0,0,1,0,31,464,0,525
143.0,0,1,0,28,464,0,528
144.0,0,1,0,26,463,0,531
145.0,0,1,0,26,461,0,533
146.0,0,1,0,24,460,0,536
147.0,0,1,0,25,457,0,538
148.0,0,1,0,24,455,0,541
149.0,0,1,0,25,451,0,544
150.0,0,1,0,24,450,0,546
151.0,0,1,0,23,450,0,547
152.0,0,1,0,22,450,0,548
153.0,0,1,0,19,450,0,551
154.0,0,1,0,19,448,0,553
155.0,0,1,0,18,448,0,554
156.0,0,1,0,18,447,0,555
157.0,0,1,0,15,447,0,558
158.0,0,1,0,15,447,0,558
159.0,0,1,0,15,447,0,558
160.0,0,1,0,16,445,0,559
161.0,0,1,0,15,445,0,560
162.0,0,1,0,16,444,0,560
163.0,0,1,0,17,443,0,560
164.0,0,1,0,18,442,0,560
165.0,0,1,0,18,441,0,561
166.0,0,1,0,16,441,0,563
167.0,0,1,0,15,441,0,564
168.0,0,1,0,13,441,0,566
169.0,0,1,0,12,441,0,567
170.0,0,1,0,9,440,0,571
171.0,0,1,0,8,440,0,572
172.0,0,1,0,9,439,0,572
173.0,0,1,0,10,438,0,572
174.0,0,1,0,10,438,0,572
175.0,0,1,0,9,438,0,573
176.0,0,1,0,9,438,0,573
177.0,0,1,0,9,438,0,573
178.0,0,1,0,9,438,0,573
179.0,0,1,0,9,438,0,573
180.0,0,1,0,9,438,0,573
181.0,0,1,0,8,437,0,575
182.0,0,1,0,8,437,0,575
183.0,0,1,0,8,436,0,576
184.0,0,1,0,7,436,0,577
185.0,0,1,0,7,435,0,578
186.0,0,1,0,6,435,0,579
187.0,0,1,0,6,435,0,579
188.0,0,1,0,6,435,0,579
189.0,0,1,0,7,434,0,579
190.0,0,1,0,6,434,0,580
191.0,0,1,0,5,434,0,581
192.0,0,1,0,5,434,0,581
193.0,0,1,0,5,433,0,582
194.0,0,1,0,4,433,0,583
195.0,0,1,0,4,433,0,583
196.0,0,1,0,4,433,0,583
197.0,0,1,0,4,433,0,583
198.0,0,1,0,4,433,0,583
199.0,0,1,0,4,433,0,583
200.0,0,1,0,4,433,0,583
201.0,0,1,0,5,432,0,583
202.0,0,1,0,5,432,0,583
203.0,0,1,0,5,432,0,583
204.0,0,1,0,4,432,0,584
205.0,0,1,0,4,432,0,584
206.0,0,1,0,3,432,0,585
207.0,0,1,0,3,432,0,585
208.0,0,1,0,3,432,0,585
209.0,0,1,0,5,430,0,585
210.0,0,1,0,5,429,0,586
211.0,0,1,0,5,429,0,586
212.0,0,1,0,6,428,0,586
213.0,0,1,0,6,428,0,586
214.0,0,1,0,5,428,0,587
215.0,0,1,0,5,428,0,587
216.0,0,1,0,6,427,0,587
217.0,0,1,0,7,426,0,587
218.0,0,1,0,7,426,0,587
219.0,0,1,0,9,424,0,587
220.0,0,1,0,9,424,0,587
221.0,0,1,0,9,424,0,587
222.0,0,1,0,8,424,0,588
223.0,0,1,0,8,424,0,588
224.0,0,1,0,8,424,0,588
225.0,0,1,0,7,424,0,589
226.0,0,1,0,7,424,0,589
227.0,0,1,0,7,424,0,589
228.0,0,1,0,7,424,0,589
229.0,0,1,0,6,424,0,590
230.0,0,1,0,5,423,0,592
231.0,0,1,0,5,422,0,593
232.0,0,1,0,5,422,0,593
233.0,0,1,0,4,422,0,594
234.0,0,1,0,4,422,0,594
235.0,0,1,0,4,422,0,594
236.0,0,1,0,4,422,0,594
237.0,0,1,0,3,422,0,595
238.0,0,1,0,2,422,0,596
239.0,0,1,0,3,421,0,596
240.0,0,1,0,3,421,0,596
241.0,0,1,0,3,421,0,596
242.0,0,1,0,3,421,0,596
243.0,0,1,0,3,421,0,596
244.0,0,1,0,3,421,0,596
245.0,0,1,0,3,421,0,596
246.0,0,1,0,3,421,0,596
247.0,0,1,0,3,421,0,596
248.0,0,1,0,3,421,0,596
249.0,0,1,0,3,421,0,596
250.0,0,1,0,3,421,0,596
251.0,0,1,0,2,421,0,597
252.0,0,1,0,1,421,0,598
253.0,0,1,0,1,421,0,598
254.0,0,1,0,1,421,0,598
255.0,0,1,0,1,421,0,598
256.0,0,1,0,1,421,0,598
257.0,0,1,0,1,421,0,598
258.0,0,1,0,1,421,0,598
259.0,0,1,0,1,421,0,598
260.0,0,1,0,0,421,0,599
