"tick","Dead","InfectedvA","InfectedvB","Quarantined","Recovered","Susceptible","Vaccinated"
1.0,0,5,5,0,0,1000,0
2.0,0,6,5,0,0,999,0
3.0,0,8,6,0,0,996,0
4.0,0,9,6,0,0,995,0
5.0,0,9,5,0,1,995,0
6.0,0,11,6,0,1,992,0
7.0,0,11,5,0,2,992,0
8.0,0,10,4,0,5,991,0
9.0,0,9,4,0,6,991,0
10.0,0,11,4,0,6,989,0
11.0,0,11,4,0,6,989,0
12.0,0,15,5,0,6,984,0
13.0,0,15,5,0,6,984,0
14.0,0,15,5,0,6,984,0
15.0,0,15,6,0,6,983,0
16.0,0,16,6,0,7,981,0
17.0,0,19,6,0,7,978,0
18.0,0,19,7,0,7,977,0
19.0,0,22,7,0,8,973,0
20.0,0,23,9,0,9,969,0
21.0,0,22,6,0,16,966,0
22.0,0,26,7,0,16,961,0
23.0,0,26,8,0,17,959,0
24.0,0,26,10,0,18,956,0
25.0,0,28,10,0,18,954,0
26.0,0,29,11,0,19,951,0
27.0,0,30,11,0,23,946,0
28.0,0,32,13,0,23,942,0
29.0,0,33,16,0,24,937,0
30.0,0,34,16,0,25,935,0
31.0,0,34,16,0,27,933,0
32.0,0,36,15,0,28,931,0
33.0,0,40,15,0,31,924,0
34.0,0,43,15,0,32,920,0
35.0,0,46,16,0,32,916,0
36.0,0,53,18,0,32,907,0
37.0,0,53,20,0,35,902,0
38.0,0,54,21,0,38,897,0
39.0,0,62,21,0,40,887,0
40.0,0,61,22,0,46,881,0
41.0,0,63,20,0,49,878,0
42.0,0,66,20,0,51,873,0
43.0,0,69,20,0,57,864,0
44.0,0,72,22,0,60,856,0
45.0,0,74,22,0,62,852,0
46.0,0,78,21,0,66,845,0
47.0,0,80,18,0,71,841,0
48.0,0,83,17,0,79,831,0
49.0,0,89,16,0,83,822,0
50.0,0,92,14,0,88,816,0
51.0,0,97,14,0,90,809,0
52.0,0,107,14,0,90,799,0
53.0,0,113,14,0,92,791,0
54.0,0,115,15,0,97,783,0
55.0,0,114,17,0,101,778,0
56.0,0,122,16,0,104,768,0
57.0,0,124,17,0,114,755,0
58.0,0,127,15,0,121,747,0
59.0,0,130,16,0,126,738,0
60.0,0,129,16,0,134,731,0
61.0,0,132,19,0,140,719,0
62.0,0,134,20,0,145,711,0
63.0,0,139,22,0,150,699,0
64.0,0,134,22,0,160,694,0
65.0,0,135,20,0,167,688,0
66.0,1,139,19,0,172,679,0
67.0,1,143,19,0,178,669,0
68.0,1,146,19,0,180,664,0
69.0,1,149,18,0,189,653,0
70.0,1,152,17,0,197,643,0
71.0,1,151,17,0,204,637,0
72.0,1,155,16,0,212,626,0
73.0,1,148,17,0,223,621,0
74.0,1,143,15,0,236,615,0
75.0,1,150,14,0,244,601,0
76.0,1,153,14,0,249,593,0
77.0,1,151,16,0,258,584,0
78.0,1,152,13,0,270,574,0
79.0,1,151,13,0,278,567,0
80.0,1,149,11,0,287,562,0
81.0,1,154,11,0,295,549,0
82.0,1,149,11,0,306,543,0
83.0,1,144,12,0,319,534,0
84.0,1,139,11,0,330,529,0
85.0,1,141,11,0,336,521,0
86.0,1,141,12,0,342,514,0
87.0,1,133,12,0,352,512,0
88.0,1,135,11,0,358,505,0
89.0,1,135,12,0,364,498,0
90.0,1,129,12,0,375,493,0
91.0,1,123,12,0,386,488,0
92.0,1,121,13,0,393,482,0
93.0,1,117,13,0,401,478,0
94.0,1,120,13,0,407,469,0
95.0,1,126,12,0,412,459,0
96.0,1,119,14,0,422,454,0
97.0,1,116,14,0,430,449,0
98.0,1,118,14,0,438,439,0
99.0,1,110,15,0,449,435,0
100.0,1,107,15,0,456,431,0
101.0,1,106,15,0,461,427,0
102.0,1,99,17,0,473,420,0
103.0,1,103,17,0,479,410,0
104.0,1,104,18,0,485,402,0
105.0,1,107,20,0,487,395,0
106.0,1,103,19,0,495,392,0
107.0,1,101,21,0,502,385,0
108.0,1,102,21,0,507,379,0
109.0,1,101,22,0,513,373,0
110.0,1,98,21,0,520,370,0
111.0,1,101,24,0,524,360,0
112.0,1,98,25,0,531,355,0
113.0,1,95,26,0,538,350,0
114.0,1,93,27,0,542,347,0
115.0,1,91,28,0,550,340,0
116.0,1,89,28,0,557,335,0
117.0,1,89,30,0,562,328,0
118.0,1,84,30,0,570,325,0
119.0,1,78,28,0,580,323,0
120.0,1,79,27,0,585,318,0
121.0,1,79,27,0,590,313,0
122.0,1,79,28,0,592,310,0
123.0,1,80,26,0,598,305,0
124.0,1,76,29,0,607,297,0
125.0,1,71,30,0,614,294,0
126.0,1,70,29,0,620,290,0
127.0,1,67,29,0,626,287,0
128.0,1,66,28,0,634,281,0
129.0,1,61,27,0,640,281,0
130.0,1,59,26,0,645,279,0
131.0,1,59,26,0,648,276,0
132.0,1,53,27,0,657,272,0
133.0,1,52,26,0,661,270,0
134.0,1,52,23,0,666,268,0
135.0,1,50,24,0,670,265,0
136.0,1,50,23,0,677,259,0
137.0,1,48,24,0,682,255,0
138.0,1,48,21,0,688,252,0
139.0,1,49,20,0,691,249,0
140.0,1,49,22,0,692,246,0
141.0,1,47,22,0,698,242,0
142.0,1,44,23,0,702,240,0
143.0,1,45,22,0,705,237,0
144.0,1,42,21,0,709,237,0
145.0,1,40,17,0,718,234,0
146.0,1,41,15,0,721,232,0
147.0,1,39,14,0,725,231,0
148.0,1,39,13,0,727,230,0
149.0,1,37,10,0,732,230,0
150.0,1,37,12,0,732,228,0
151.0,1,36,12,0,734,227,0
152.0,1,33,12,0,737,227,0
153.0,1,32,10,0,741,226,0
154.0,1,32,8,0,745,224,0
155.0,1,33,8,0,747,221,0
156.0,1,32,7,0,750,220,0
157.0,1,28,6,0,756,219,0
158.0,1,28,6,0,756,219,0
159.0,1,26,5,0,760,218,0
160.0,1,22,6,0,764,217,0
161.0,1,22,5,0,767,215,0
162.0,1,18,5,0,771,215,0
163.0,1,17,4,0,773,215,0
164.0,1,17,4,0,773,215,0
165.0,1,16,4,0,774,215,0
166.0,1,13,4,0,777,215,0
167.0,1,12,4,0,779,214,0
168.0,1,11,4,0,780,214,0
169.0,1,10,4,0,781,214,0
170.0,1,13,4,0,781,211,0
171.0,1,13,2,0,783,211,0
172.0,1,12,2,0,784,211,0
173.0,1,13,2,0,784,210,0
174.0,1,12,2,0,785,210,0
175.0,1,11,2,0,787,209,0
176.0,1,10,2,0,788,209,0
177.0,1,9,2,0,789,209,0
178.0,1,9,3,0,790,207,0
179.0,1,9,3,0,790,207,0
180.0,1,8,3,0,791,207,0
181.0,1,8,2,0,792,207,0
182.0,1,7,2,0,794,206,0
183.0,1,7,2,0,794,206,0
184.0,1,7,2,0,794,206,0
185.0,1,8,1,0,795,205,0
186.0,1,8,1,0,795,205,0
187.0,1,7,1,0,796,205,0
188.0,1,6,1,0,797,205,0
189.0,1,6,1,0,797,205,0
190.0,1,6,1,0,797,205,0
191.0,1,6,0,0,800,203,0
192.0,1,6,0,0,800,203,0
193.0,1,6,0,0,800,203,0
194.0,1,5,0,0,801,203,0
195.0,1,5,0,0,801,203,0
196.0,1,5,0,0,802,202,0
197.0,1,5,0,0,802,202,0
198.0,1,5,0,0,802,202,0
199.0,1,4,0,0,803,202,0
200.0,1,5,0,0,803,201,0
201.0,1,5,0,0,803,201,0
202.0,1,5,0,0,803,201,0
203.0,1,4,0,0,804,201,0
204.0,1,4,0,0,804,201,0
205.0,1,4,0,0,804,201,0
206.0,1,3,0,0,805,201,0
207.0,1,3,0,0,805,201,0
208.0,1,3,0,0,805,201,0
209.0,1,3,0,0,805,201,0
210.0,1,3,0,0,805,201,0
211.0,1,3,0,0,805,201,0
212.0,1,2,0,0,807,200,0
213.0,1,2,0,0,807,200,0
214.0,1,2,0,0,807,200,0
215.0,1,2,0,0,807,200,0
216.0,1,2,0,0,807,200,0
217.0,1,2,0,0,807,200,0
218.0,1,2,0,0,807,200,0
219.0,1,2,0,0,807,200,0
220.0,1,2,0,0,807,200,0
221.0,1,1,0,0,808,200,0
222.0,1,1,0,0,808,200,0
223.0,1,0,0,0,809,200,0
224.0,1,0,0,0,809,200,0
