"tick","Dead","InfectedvA","InfectedvB","Quarantined","Recovered","Susceptible","Vaccinated"
1.0,0,5,7,0,0,998,0
2.0,0,5,9,0,0,996,0
3.0,0,7,10,0,0,993,0
4.0,0,8,10,0,0,992,0
5.0,0,9,10,0,0,991,0
6.0,0,9,11,0,0,990,0
7.0,0,10,12,0,1,987,0
8.0,0,10,15,0,1,984,0
9.0,0,11,16,0,1,982,0
10.0,0,11,18,0,1,980,0
11.0,0,12,20,0,2,976,0
12.0,0,14,23,0,2,971,0
13.0,0,17,26,0,2,965,0
14.0,0,19,27,0,2,962,0
15.0,0,20,26,0,3,961,0
16.0,0,22,29,0,3,956,0
17.0,0,24,33,0,4,949,0
18.0,0,24,37,0,4,945,0
19.0,0,28,40,0,4,938,0
20.0,0,28,46,0,5,931,0
21.0,0,25,44,0,13,928,0
22.0,0,34,48,0,15,913,0
23.0,0,35,50,0,18,907,0
24.0,0,38,51,0,20,901,0
25.0,0,39,58,0,22,891,0
26.0,0,40,62,0,23,885,0
27.0,0,44,67,0,24,875,0
28.0,0,47,70,0,29,864,0
29.0,0,49,71,0,34,856,0
30.0,0,49,73,0,39,849,0
31.0,0,57,81,0,40,832,0
32.0,0,60,87,0,44,819,0
33.0,0,65,94,0,48,803,0
34.0,0,67,99,0,56,788,0
35.0,0,70,103,0,60,777,0
36.0,0,72,109,0,62,767,0
37.0,0,70,110,0,68,762,0
38.0,0,69,113,0,75,753,0
39.0,0,73,114,0,79,744,0
40.0,0,75,120,0,84,731,0
41.0,0,81,119,0,89,721,0
42.0,0,82,117,0,96,715,0
43.0,0,76,117,0,110,707,0
44.0,0,74,116,0,119,701,0
45.0,0,73,118,0,126,693,0
46.0,0,80,120,0,135,675,0
47.0,0,79,127,0,142,662,0
48.0,0,77,126,0,152,655,0
49.0,0,75,125,0,165,645,0
50.0,0,79,124,0,175,632,0
51.0,0,77,123,0,183,627,0
52.0,0,73,117,0,198,622,0
53.0,0,74,120,0,208,608,0
54.0,0,75,116,0,221,598,0
55.0,0,72,120,0,236,582,0
56.0,0,68,118,0,248,576,0
57.0,0,68,115,0,257,570,0
58.0,0,73,121,0,266,550,0
59.0,0,75,120,0,274,541,0
60.0,0,71,116,0,284,539,0
61.0,0,74,111,0,296,529,0
62.0,0,74,113,0,308,515,0
63.0,0,79,111,0,315,505,0
64.0,0,82,112,0,321,495,0
65.0,0,84,110,0,327,489,0
66.0,0,88,105,0,337,480,0
67.0,0,85,97,0,356,472,0
68.0,0,92,93,0,367,458,0
69.0,0,96,89,0,374,451,0
70.0,0,95,91,0,382,442,0
71.0,0,93,86,0,394,437,0
72.0,0,93,85,0,401,431,0
73.0,0,98,84,0,407,421,0
74.0,0,101,79,0,416,414,0
75.0,0,98,78,0,424,410,0
76.0,0,95,72,0,438,405,0
77.0,0,96,71,0,444,399,0
78.0,0,100,71,0,450,389,0
79.0,0,95,62,0,469,384,0
80.0,0,94,63,0,476,377,0
81.0,0,96,65,0,480,369,0
82.0,0,91,68,0,489,362,0
83.0,0,87,61,0,504,358,0
84.0,0,85,62,0,515,348,0
85.0,0,83,60,0,524,343,0
86.0,0,83,59,0,529,339,0
87.0,0,80,57,0,540,333,0
88.0,0,74,55,0,549,332,0
89.0,0,66,56,0,561,327,0
90.0,0,64,54,0,567,325,0
91.0,0,63,47,0,577,323,0
92.0,0,61,46,0,584,319,0
93.0,0,60,47,0,590,313,0
94.0,0,55,50,0,598,307,0
95.0,0,53,50,0,604,303,0
96.0,0,50,50,0,610,300,0
97.0,0,49,48,0,615,298,0
98.0,0,49,46,0,621,294,0
99.0,0,44,45,0,630,291,0
100.0,0,41,45,0,637,287,0
101.0,0,40,41,0,642,287,0
102.0,0,39,38,0,650,283,0
103.0,0,37,37,0,659,277,0
104.0,0,36,37,0,662,275,0
105.0,0,32,34,0,671,273,0
106.0,0,30,35,0,675,270,0
107.0,0,29,31,0,681,269,0
108.0,0,26,31,0,686,267,0
109.0,0,27,31,0,687,265,0
110.0,0,27,31,0,689,263,0
111.0,0,25,31,0,692,262,0
112.0,0,23,32,0,694,261,0
113.0,0,21,32,0,698,259,0
114.0,0,21,31,0,701,257,0
115.0,0,21,28,0,706,255,0
116.0,0,19,29,0,710,252,0
117.0,0,20,26,0,713,251,0
118.0,0,20,26,0,715,249,0
119.0,0,19,26,0,718,247,0
120.0,0,18,26,0,720,246,0
121.0,0,18,23,0,726,243,0
122.0,0,18,24,0,726,242,0
123.0,0,19,22,0,729,240,0
124.0,0,18,21,0,735,236,0
125.0,0,16,21,0,737,236,0
126.0,0,15,19,0,740,236,0
127.0,0,15,17,0,743,235,0
128.0,0,16,18,0,745,231,0
129.0,0,16,19,0,746,229,0
130.0,0,15,19,0,748,228,0
131.0,0,15,18,0,749,228,0
132.0,0,16,17,0,750,227,0
133.0,0,17,15,0,752,226,0
134.0,0,17,17,0,754,222,0
135.0,0,16,16,0,756,222,0
136.0,0,17,16,0,757,220,0
137.0,0,16,16,0,760,218,0
138.0,0,15,18,0,761,216,0
139.0,0,14,17,0,764,215,0
140.0,0,13,18,0,765,214,0
141.0,0,13,16,0,767,214,0
142.0,0,11,16,0,769,214,0
143.0,0,10,13,0,773,214,0
144.0,0,8,13,0,775,214,0
145.0,0,8,12,0,777,213,0
146.0,0,8,12,0,777,213,0
147.0,0,8,12,0,777,213,0
148.0,0,8,12,0,778,212,0
149.0,0,7,11,0,780,212,0
150.0,0,7,10,0,781,212,0
151.0,0,7,10,0,783,210,0
152.0,0,7,10,0,783,210,0
153.0,0,6,9,0,785,210,0
154.0,0,5,8,0,787,210,0
155.0,0,4,7,0,789,210,0
156.0,0,5,7,0,789,209,0
157.0,0,4,6,0,791,209,0
158.0,0,3,6,0,792,209,0
159.0,0,3,4,0,794,209,0
160.0,0,3,3,0,795,209,0
161.0,0,3,2,0,796,209,0
162.0,0,3,3,0,796,208,0
163.0,0,4,3,0,796,207,0
164.0,0,5,3,0,796,206,0
165.0,0,5,3,0,796,206,0
166.0,0,4,4,0,797,205,0
167.0,0,3,4,0,798,205,0
168.0,0,3,4,0,798,205,0
169.0,0,2,4,0,799,205,0
170.0,0,2,3,0,800,205,0
171.0,0,2,3,0,800,205,0
172.0,0,2,1,0,802,205,0
173.0,0,2,1,0,802,205,0
174.0,0,2,1,0,802,205,0
175.0,0,3,1,0,802,204,0
176.0,0,3,1,0,802,204,0
177.0,0,2,1,0,803,204,0
178.0,0,2,1,0,803,204,0
179.0,0,2,1,0,803,204,0
180.0,0,2,1,0,803,204,0
181.0,0,2,1,0,803,204,0
182.0,0,2,1,0,803,204,0
183.0,0,2,0,0,804,204,0
184.0,0,3,0,0,804,203,0
185.0,0,2,0,0,805,203,0
186.0,0,2,0,0,805,203,0
187.0,0,2,0,0,805,203,0
188.0,0,2,0,0,805,203,0
189.0,0,2,0,0,805,203,0
190.0,0,2,0,0,805,203,0
191.0,0,2,0,0,805,203,0
192.0,0,2,0,0,805,203,0
193.0,0,2,0,0,805,203,0
194.0,0,2,0,0,805,203,0
195.0,0,1,0,0,806,203,0
196.0,0,0,0,0,807,203,0
