"tick","Dead","Hospital","InfectedvA","InfectedvB","Susceptible","Vaccinatated","Recovered"
1.0,0,1,10,13,997,0,0
2.0,0,1,10,13,997,0,0
3.0,0,1,9,17,993,0,1
4.0,0,1,9,22,988,0,1
5.0,0,1,9,26,984,0,1
6.0,0,1,9,31,979,0,1
7.0,0,1,8,32,977,0,3
8.0,0,1,9,35,972,0,4
9.0,0,1,10,38,968,0,4
10.0,0,1,11,42,963,0,4
11.0,0,1,11,43,962,0,4
12.0,0,1,11,45,960,0,4
13.0,0,1,12,45,958,0,5
14.0,0,1,14,47,953,0,6
15.0,0,1,15,49,950,0,6
16.0,0,1,15,50,947,0,8
17.0,0,1,16,54,942,0,8
18.0,0,1,17,60,934,0,9
19.0,0,1,19,62,927,0,12
20.0,0,1,19,70,919,0,12
21.0,0,1,13,62,913,0,32
22.0,0,1,13,62,911,0,34
23.0,0,1,13,63,910,0,34
24.0,0,1,12,58,910,0,40
25.0,0,1,13,57,907,0,43
26.0,0,1,13,54,904,0,49
27.0,0,1,13,52,902,0,53
28.0,0,1,14,54,898,0,54
29.0,0,1,13,56,892,0,59
30.0,0,1,14,59,884,0,63
31.0,0,1,15,55,880,0,70
32.0,0,1,15,61,873,0,71
33.0,0,1,15,67,865,0,73
34.0,0,1,16,71,859,0,74
35.0,0,1,14,68,857,0,81
36.0,0,1,15,71,852,0,82
37.0,0,1,15,74,848,0,83
38.0,0,1,16,72,844,0,88
39.0,0,1,17,68,838,0,97
40.0,0,1,16,67,834,0,103
41.0,0,1,16,70,824,0,110
42.0,0,1,16,65,822,0,117
43.0,0,1,16,68,817,0,119
44.0,0,1,17,71,812,0,120
45.0,0,1,17,71,812,0,120
46.0,0,1,16,76,805,0,123
47.0,0,1,16,74,804,0,126
48.0,0,1,18,74,798,0,130
49.0,0,1,17,75,795,0,133
50.0,0,1,16,74,791,0,139
51.0,0,1,14,70,789,0,147
52.0,0,1,13,68,788,0,151
53.0,0,1,14,63,784,0,159
54.0,0,1,19,62,775,0,164
55.0,0,1,20,61,769,0,170
56.0,0,1,19,62,767,0,172
57.0,0,1,18,60,765,0,177
58.0,0,1,18,62,759,0,181
59.0,0,1,19,65,752,0,184
60.0,0,1,19,62,750,0,189
61.0,0,1,19,61,746,0,194
62.0,0,1,19,57,742,0,202
63.0,0,1,19,60,737,0,204
64.0,0,1,21,62,727,0,210
65.0,0,1,24,62,720,0,214
66.0,0,1,24,67,715,0,214
67.0,0,1,27,64,709,0,220
68.0,0,1,27,67,704,0,222
69.0,0,1,30,70,692,0,228
70.0,0,1,31,71,687,0,231
71.0,0,1,30,70,684,0,236
72.0,0,1,29,74,679,0,238
73.0,0,1,27,79,672,0,242
74.0,0,1,27,83,665,0,245
75.0,0,1,23,85,660,0,252
76.0,0,1,22,84,657,0,257
77.0,0,1,22,84,653,0,261
78.0,0,1,22,85,649,0,264
79.0,0,1,23,81,646,0,270
80.0,0,1,20,82,639,0,279
81.0,0,1,21,91,628,0,280
82.0,0,1,20,91,624,0,285
83.0,0,1,18,88,623,0,291
84.0,0,1,17,90,619,0,294
85.0,0,1,14,84,617,0,305
86.0,0,1,12,87,610,0,311
87.0,0,1,12,86,606,0,316
88.0,0,1,10,87,602,0,321
89.0,0,1,10,84,599,0,327
90.0,0,1,7,84,591,0,338
91.0,0,1,7,85,586,0,342
92.0,0,1,6,85,584,0,345
93.0,0,1,7,81,581,0,351
94.0,0,1,7,76,578,0,359
95.0,0,1,7,73,575,0,365
96.0,0,1,7,73,571,0,369
97.0,0,1,8,72,568,0,372
98.0,0,1,9,79,559,0,373
99.0,0,1,8,81,556,0,375
100.0,0,1,7,80,554,0,379
101.0,0,1,7,73,552,0,388
102.0,0,1,6,67,548,0,399
103.0,0,1,5,67,544,0,404
104.0,0,1,5,68,541,0,406
105.0,0,1,6,64,540,0,410
106.0,0,1,6,66,537,0,411
107.0,0,1,6,67,530,0,417
108.0,0,1,6,68,527,0,419
109.0,0,1,6,65,527,0,422
110.0,0,1,6,62,527,0,425
111.0,0,1,5,61,523,0,431
112.0,0,1,5,57,520,0,438
113.0,0,1,5,57,518,0,440
114.0,0,1,4,56,517,0,443
115.0,0,1,4,54,516,0,446
116.0,0,1,5,55,511,0,449
117.0,0,1,5,52,511,0,452
118.0,0,1,4,53,507,0,456
119.0,0,1,3,47,507,0,463
120.0,0,1,3,45,506,0,466
121.0,0,1,3,45,504,0,468
122.0,0,1,3,49,498,0,470
123.0,0,1,3,46,497,0,474
124.0,0,1,3,47,492,0,478
125.0,0,1,3,45,492,0,480
126.0,0,1,2,44,492,0,482
127.0,0,1,2,44,490,0,484
128.0,0,1,2,40,488,0,490
129.0,0,1,2,39,486,0,493
130.0,0,1,2,43,482,0,493
131.0,0,1,2,45,480,0,493
132.0,0,1,2,42,479,0,497
133.0,0,1,1,40,479,0,500
134.0,0,1,1,42,475,0,502
135.0,0,1,1,43,473,0,503
136.0,0,1,1,44,471,0,504
137.0,0,1,0,40,471,0,509
138.0,0,1,0,41,470,0,509
139.0,0,1,0,39,467,0,514
140.0,0,1,0,42,464,0,514
141.0,0,1,0,42,462,0,516
142.0,0,1,0,40,461,0,519
143.0,0,1,0,36,460,0,524
144.0,0,1,0,36,459,0,525
145.0,0,1,0,34,456,0,530
146.0,0,1,0,35,454,0,531
147.0,0,1,0,33,454,0,533
148.0,0,1,0,31,454,0,535
149.0,0,1,0,27,454,0,539
150.0,0,1,0,27,452,0,541
151.0,0,1,0,23,452,0,545
152.0,0,1,0,21,452,0,547
153.0,0,1,0,22,450,0,548
154.0,0,1,0,23,449,0,548
155.0,0,1,0,21,448,0,551
156.0,0,1,0,20,448,0,552
157.0,0,1,0,20,446,0,554
158.0,0,1,0,21,445,0,554
159.0,0,1,0,22,444,0,554
160.0,0,1,0,20,444,0,556
161.0,0,1,0,19,444,0,557
162.0,0,1,0,17,444,0,559
163.0,0,1,0,18,442,0,560
164.0,0,1,0,19,440,0,561
165.0,0,1,0,19,439,0,562
166.0,0,1,0,20,436,0,564
167.0,0,1,0,17,436,0,567
168.0,0,1,0,17,435,0,568
169.0,0,1,0,19,433,0,568
170.0,0,1,0,18,433,0,569
171.0,0,1,0,16,433,0,571
172.0,0,1,0,15,433,0,572
173.0,0,1,0,15,433,0,572
174.0,0,1,0,14,433,0,573
175.0,0,1,0,14,432,0,574
176.0,0,1,0,15,430,0,575
177.0,0,1,0,16,429,0,575
178.0,0,1,0,15,428,0,577
179.0,0,1,0,14,428,0,578
180.0,0,1,0,13,428,0,579
181.0,0,1,0,13,428,0,579
182.0,0,1,0,15,426,0,579
183.0,0,1,0,16,425,0,579
184.0,0,1,0,16,423,0,581
185.0,0,1,0,14,423,0,583
186.0,0,1,0,14,422,0,584
187.0,0,1,0,12,422,0,586
188.0,0,1,0,12,422,0,586
189.0,0,1,0,13,421,0,586
190.0,0,1,0,10,421,0,589
191.0,0,1,0,11,420,0,589
192.0,0,1,0,13,418,0,589
193.0,0,1,0,14,417,0,589
194.0,0,1,0,14,416,0,590
195.0,0,1,0,13,416,0,591
196.0,0,1,0,13,416,0,591
197.0,0,1,0,12,415,0,593
198.0,0,1,0,11,415,0,594
199.0,0,1,0,10,415,0,595
200.0,0,1,0,11,414,0,595
201.0,0,1,0,10,414,0,596
202.0,0,1,0,10,413,0,597
203.0,0,1,0,11,412,0,597
204.0,0,1,0,10,412,0,598
205.0,0,1,0,8,412,0,600
206.0,0,1,0,9,411,0,600
207.0,0,1,0,8,411,0,601
208.0,0,1,0,8,411,0,601
209.0,0,1,0,8,411,0,601
210.0,0,1,0,7,411,0,602
211.0,0,1,0,7,411,0,602
212.0,0,1,0,6,411,0,603
213.0,0,1,0,5,411,0,604
214.0,0,1,0,5,411,0,604
215.0,0,1,0,4,411,0,605
216.0,0,1,0,4,411,0,605
217.0,0,1,0,6,409,0,605
218.0,0,1,0,5,409,0,606
219.0,0,1,0,5,409,0,606
220.0,0,1,0,5,409,0,606
221.0,0,1,0,5,409,0,606
222.0,0,1,0,5,409,0,606
223.0,0,1,0,5,408,0,607
224.0,0,1,0,4,408,0,608
225.0,0,1,0,5,407,0,608
226.0,0,1,0,5,407,0,608
227.0,0,1,0,4,407,0,609
228.0,0,1,0,5,406,0,609
229.0,0,1,0,5,406,0,609
230.0,0,1,0,5,406,0,609
231.0,0,1,0,5,406,0,609
232.0,0,1,0,5,406,0,609
233.0,0,1,0,5,406,0,609
234.0,0,1,0,5,406,0,609
235.0,0,1,0,5,406,0,609
236.0,0,1,0,6,405,0,609
237.0,0,1,0,6,405,0,609
238.0,0,1,0,3,405,0,612
239.0,0,1,0,4,404,0,612
240.0,0,1,0,4,404,0,612
241.0,0,1,0,4,404,0,612
242.0,0,1,0,4,404,0,612
243.0,0,1,0,4,404,0,612
244.0,0,1,0,3,404,0,613
245.0,0,1,0,3,404,0,613
246.0,0,1,0,3,404,0,613
247.0,0,1,0,3,404,0,613
248.0,0,1,0,3,404,0,613
249.0,0,1,0,2,404,0,614
250.0,0,1,0,2,404,0,614
251.0,0,1,0,2,404,0,614
252.0,0,1,0,2,404,0,614
253.0,0,1,0,2,404,0,614
254.0,0,1,0,1,404,0,615
255.0,0,1,0,1,404,0,615
256.0,0,1,0,1,404,0,615
257.0,0,1,0,0,404,0,616
