"tick","Dead","InfectedvA","InfectedvB","Quarantined","Recovered","Susceptible","Vaccinated"
1.0,0,6,6,0,0,998,0
2.0,0,6,8,0,0,996,0
3.0,0,8,9,0,1,992,0
4.0,0,10,10,0,1,989,0
5.0,0,12,10,0,1,987,0
6.0,0,14,10,0,1,985,0
7.0,0,19,12,0,1,978,0
8.0,0,21,12,0,2,975,0
9.0,0,21,14,0,2,973,0
10.0,0,22,15,0,2,971,0
11.0,0,24,15,0,2,969,0
12.0,0,25,16,0,2,967,0
13.0,0,27,17,0,2,964,0
14.0,0,29,18,0,2,961,0
15.0,0,33,19,0,2,956,0
16.0,0,37,21,0,2,950,0
17.0,0,39,23,0,2,946,0
18.0,0,41,29,0,2,938,0
19.0,0,42,29,0,2,937,0
20.0,0,43,32,0,2,933,0
21.0,0,44,28,0,11,927,0
22.0,0,43,27,0,14,926,0
23.0,0,45,27,0,16,922,0
24.0,0,46,28,0,20,916,0
25.0,0,49,35,0,24,902,0
26.0,0,47,40,0,28,895,0
27.0,0,49,42,0,28,891,0
28.0,0,49,41,0,35,885,0
29.0,0,53,41,0,41,875,0
30.0,0,56,40,0,43,871,0
31.0,0,58,40,0,46,866,0
32.0,0,61,43,0,48,858,0
33.0,0,64,43,0,50,853,0
34.0,0,71,46,0,53,840,0
35.0,0,72,47,0,58,833,0
36.0,0,71,46,0,63,830,0
37.0,0,70,47,0,69,824,0
38.0,0,71,47,0,74,818,0
39.0,0,71,44,0,81,814,0
40.0,0,74,47,0,83,806,0
41.0,0,76,46,0,91,797,0
42.0,0,76,49,0,99,786,0
43.0,0,83,52,0,99,776,0
44.0,0,85,54,0,103,768,0
45.0,0,86,53,0,110,761,0
46.0,0,82,52,0,121,755,0
47.0,0,84,50,0,128,748,0
48.0,0,85,55,0,133,737,0
49.0,0,86,60,0,139,725,0
50.0,0,87,58,0,148,717,0
51.0,0,88,58,0,153,711,0
52.0,0,89,60,0,160,701,0
53.0,0,93,59,0,166,692,0
54.0,0,96,59,0,172,683,0
55.0,0,92,60,0,184,674,0
56.0,0,93,57,0,193,667,0
57.0,0,94,57,0,197,662,0
58.0,0,100,56,0,203,651,0
59.0,0,104,58,0,212,636,0
60.0,0,108,60,0,215,627,0
61.0,0,107,58,0,226,619,0
62.0,0,108,56,0,234,612,0
63.0,0,103,53,0,246,608,0
64.0,0,97,56,0,256,601,0
65.0,0,100,59,0,261,590,0
66.0,0,94,57,0,271,588,0
67.0,0,94,55,0,280,581,0
68.0,0,94,59,0,290,567,0
69.0,0,96,55,0,299,560,0
70.0,0,98,52,0,309,551,0
71.0,0,94,56,0,317,543,0
72.0,0,93,56,0,324,537,0
73.0,0,94,55,0,333,528,0
74.0,0,90,57,0,339,524,0
75.0,0,87,58,0,348,517,0
76.0,0,86,57,0,357,510,0
77.0,0,87,58,0,365,500,0
78.0,0,86,56,0,371,497,0
79.0,0,80,56,0,380,494,0
80.0,0,71,55,0,394,490,0
81.0,0,73,53,0,400,484,0
82.0,0,73,55,0,409,473,0
83.0,0,71,54,0,416,469,0
84.0,0,70,56,0,420,464,0
85.0,0,70,51,0,429,460,0
86.0,0,67,49,0,439,455,0
87.0,0,71,49,0,441,449,0
88.0,0,69,47,0,449,445,0
89.0,0,68,42,0,460,440,0
90.0,0,68,41,0,468,433,0
91.0,0,69,38,0,476,427,0
92.0,0,71,37,0,483,419,0
93.0,0,70,35,0,490,415,0
94.0,0,70,33,0,497,410,0
95.0,0,71,33,0,500,406,0
96.0,0,65,33,0,508,404,0
97.0,0,67,35,0,515,393,0
98.0,0,66,32,0,523,389,0
99.0,0,65,32,0,526,387,0
100.0,0,71,30,0,530,379,0
101.0,0,73,31,0,532,374,0
102.0,0,72,35,0,537,366,0
103.0,0,73,30,0,547,360,0
104.0,0,78,29,0,552,351,0
105.0,0,79,26,0,557,348,0
106.0,0,80,27,0,560,343,0
107.0,0,79,26,0,564,341,0
108.0,0,79,25,0,572,334,0
109.0,0,80,25,0,577,328,0
110.0,0,81,25,0,579,325,0
111.0,0,75,24,0,588,323,0
112.0,0,72,22,0,595,321,0
113.0,0,71,22,0,601,316,0
114.0,0,74,22,0,605,309,0
115.0,0,74,21,0,610,305,0
116.0,0,75,20,0,615,300,0
117.0,0,76,19,0,619,296,0
118.0,0,72,17,0,628,293,0
119.0,0,69,17,0,634,290,0
120.0,0,69,17,0,638,286,0
121.0,0,66,15,0,645,284,0
122.0,0,64,14,0,652,280,0
123.0,0,60,12,0,659,279,0
124.0,0,56,13,0,665,276,0
125.0,0,52,12,0,671,275,0
126.0,0,55,12,0,674,269,0
127.0,0,56,11,0,678,265,0
128.0,0,56,10,0,680,264,0
129.0,0,50,9,0,687,264,0
130.0,0,49,7,0,692,262,0
131.0,0,48,7,0,694,261,0
132.0,0,45,6,0,699,260,0
133.0,0,47,6,0,701,256,0
134.0,0,44,5,0,705,256,0
135.0,0,40,5,0,709,256,0
136.0,0,37,5,0,713,255,0
137.0,0,33,6,0,718,253,0
138.0,0,32,5,0,721,252,0
139.0,0,30,5,0,723,252,0
140.0,0,28,4,0,726,252,0
141.0,0,26,3,0,729,252,0
142.0,0,24,3,0,731,252,0
143.0,0,23,2,0,735,250,0
144.0,0,23,2,0,736,249,0
145.0,0,22,1,0,738,249,0
146.0,0,21,1,0,739,249,0
147.0,0,16,1,0,745,248,0
148.0,0,14,1,0,747,248,0
149.0,0,14,1,0,748,247,0
150.0,0,15,1,0,748,246,0
151.0,0,13,1,0,750,246,0
152.0,0,12,1,0,751,246,0
153.0,0,12,1,0,752,245,0
154.0,0,10,1,0,755,244,0
155.0,0,10,1,0,755,244,0
156.0,0,10,1,0,755,244,0
157.0,0,9,1,0,756,244,0
158.0,0,10,0,0,757,243,0
159.0,0,10,0,0,758,242,0
160.0,0,10,0,0,758,242,0
161.0,0,11,0,0,758,241,0
162.0,0,12,0,0,758,240,0
163.0,0,14,0,0,758,238,0
164.0,0,11,0,0,761,238,0
165.0,0,11,0,0,763,236,0
166.0,0,11,0,0,763,236,0
167.0,0,11,0,0,763,236,0
168.0,0,10,0,0,764,236,0
169.0,0,10,0,0,764,236,0
170.0,0,10,0,0,765,235,0
171.0,0,10,0,0,766,234,0
172.0,0,10,0,0,766,234,0
173.0,0,9,0,0,767,234,0
174.0,0,9,0,0,768,233,0
175.0,0,8,0,0,769,233,0
176.0,0,8,0,0,769,233,0
177.0,0,8,0,0,769,233,0
178.0,0,8,0,0,769,233,0
179.0,0,6,0,0,771,233,0
180.0,0,5,0,0,772,233,0
181.0,0,5,0,0,772,233,0
182.0,0,5,0,0,772,233,0
183.0,0,4,0,0,773,233,0
184.0,0,3,0,0,774,233,0
185.0,0,3,0,0,774,233,0
186.0,0,3,0,0,774,233,0
187.0,0,3,0,0,774,233,0
188.0,0,3,0,0,774,233,0
189.0,0,4,0,0,774,232,0
190.0,0,4,0,0,774,232,0
191.0,0,6,0,0,775,229,0
192.0,0,5,0,0,776,229,0
193.0,0,5,0,0,776,229,0
194.0,0,5,0,0,776,229,0
195.0,0,4,0,0,777,229,0
196.0,0,4,0,0,777,229,0
197.0,0,4,0,0,777,229,0
198.0,0,4,0,0,777,229,0
199.0,0,4,0,0,777,229,0
200.0,0,4,0,0,777,229,0
201.0,0,3,0,0,778,229,0
202.0,0,3,0,0,778,229,0
203.0,0,3,0,0,778,229,0
204.0,0,3,0,0,778,229,0
205.0,0,3,0,0,778,229,0
206.0,0,3,0,0,778,229,0
207.0,0,3,0,0,778,229,0
208.0,0,3,0,0,778,229,0
209.0,0,3,0,0,778,229,0
210.0,0,2,0,0,779,229,0
211.0,0,2,0,0,779,229,0
212.0,0,0,0,0,781,229,0
213.0,0,0,0,0,781,229,0
214.0,0,0,0,0,781,229,0
215.0,0,0,0,0,781,229,0
216.0,0,0,0,0,781,229,0
217.0,0,0,0,0,781,229,0
218.0,0,0,0,0,781,229,0
219.0,0,0,0,0,781,229,0
220.0,0,0,0,0,781,229,0
221.0,0,0,0,0,781,229,0
222.0,0,0,0,0,781,229,0
223.0,0,0,0,0,781,229,0
224.0,0,0,0,0,781,229,0
225.0,0,0,0,0,781,229,0
226.0,0,0,0,0,781,229,0
227.0,0,0,0,0,781,229,0
228.0,0,0,0,0,781,229,0
229.0,0,0,0,0,781,229,0
230.0,0,0,0,0,781,229,0
231.0,0,0,0,0,781,229,0
232.0,0,0,0,0,781,229,0
233.0,0,0,0,0,781,229,0
234.0,0,0,0,0,781,229,0
235.0,0,0,0,0,781,229,0
236.0,0,0,0,0,781,229,0
237.0,0,0,0,0,781,229,0
238.0,0,0,0,0,781,229,0
239.0,0,0,0,0,781,229,0
240.0,0,0,0,0,781,229,0
241.0,0,0,0,0,781,229,0
242.0,0,0,0,0,781,229,0
243.0,0,0,0,0,781,229,0
244.0,0,0,0,0,781,229,0
245.0,0,0,0,0,781,229,0
246.0,0,0,0,0,781,229,0
247.0,0,0,0,0,781,229,0
248.0,0,0,0,0,781,229,0
249.0,0,0,0,0,781,229,0
250.0,0,0,0,0,781,229,0
251.0,0,0,0,0,781,229,0
252.0,0,0,0,0,781,229,0
253.0,0,0,0,0,781,229,0
254.0,0,0,0,0,781,229,0
255.0,0,0,0,0,781,229,0
256.0,0,0,0,0,781,229,0
257.0,0,0,0,0,781,229,0
258.0,0,0,0,0,781,229,0
259.0,0,0,0,0,781,229,0
260.0,0,0,0,0,781,229,0
261.0,0,0,0,0,781,229,0
262.0,0,0,0,0,781,229,0
263.0,0,0,0,0,781,229,0
264.0,0,0,0,0,781,229,0
265.0,0,0,0,0,781,229,0
266.0,0,0,0,0,781,229,0
267.0,0,0,0,0,781,229,0
268.0,0,0,0,0,781,229,0
269.0,0,0,0,0,781,229,0
270.0,0,0,0,0,781,229,0
271.0,0,0,0,0,781,229,0
272.0,0,0,0,0,781,229,0
273.0,0,0,0,0,781,229,0
274.0,0,0,0,0,781,229,0
275.0,0,0,0,0,781,229,0
276.0,0,0,0,0,781,229,0
277.0,0,0,0,0,781,229,0
278.0,0,0,0,0,781,229,0
279.0,0,0,0,0,781,229,0
280.0,0,0,0,0,781,229,0
281.0,0,0,0,0,781,229,0
282.0,0,0,0,0,781,229,0
283.0,0,0,0,0,781,229,0
284.0,0,0,0,0,781,229,0
285.0,0,0,0,0,781,229,0
286.0,0,0,0,0,781,229,0
287.0,0,0,0,0,781,229,0
288.0,0,0,0,0,781,229,0
289.0,0,0,0,0,781,229,0
290.0,0,0,0,0,781,229,0
291.0,0,0,0,0,781,229,0
292.0,0,0,0,0,781,229,0
293.0,0,0,0,0,781,229,0
294.0,0,0,0,0,781,229,0
295.0,0,0,0,0,781,229,0
296.0,0,0,0,0,781,229,0
297.0,0,0,0,0,781,229,0
298.0,0,0,0,0,781,229,0
299.0,0,0,0,0,781,229,0
300.0,0,0,0,0,781,229,0
301.0,0,0,0,0,781,229,0
302.0,0,0,0,0,781,229,0
303.0,0,0,0,0,781,229,0
304.0,0,0,0,0,781,229,0
305.0,0,0,0,0,781,229,0
306.0,0,0,0,0,781,229,0
307.0,0,0,0,0,781,229,0
308.0,0,0,0,0,781,229,0
309.0,0,0,0,0,781,229,0
310.0,0,0,0,0,781,229,0
311.0,0,0,0,0,781,229,0
312.0,0,0,0,0,781,229,0
313.0,0,0,0,0,781,229,0
314.0,0,0,0,0,781,229,0
315.0,0,0,0,0,781,229,0
316.0,0,0,0,0,781,229,0
317.0,0,0,0,0,781,229,0
318.0,0,0,0,0,781,229,0
319.0,0,0,0,0,781,229,0
320.0,0,0,0,0,781,229,0
321.0,0,0,0,0,781,229,0
322.0,0,0,0,0,781,229,0
323.0,0,0,0,0,781,229,0
324.0,0,0,0,0,781,229,0
325.0,0,0,0,0,781,229,0
326.0,0,0,0,0,781,229,0
327.0,0,0,0,0,781,229,0
328.0,0,0,0,0,781,229,0
329.0,0,0,0,0,781,229,0
330.0,0,0,0,0,781,229,0
331.0,0,0,0,0,781,229,0
332.0,0,0,0,0,781,229,0
333.0,0,0,0,0,781,229,0
334.0,0,0,0,0,781,229,0
335.0,0,0,0,0,781,229,0
336.0,0,0,0,0,781,229,0
337.0,0,0,0,0,781,229,0
338.0,0,0,0,0,781,229,0
339.0,0,0,0,0,781,229,0
340.0,0,0,0,0,781,229,0
341.0,0,0,0,0,781,229,0
342.0,0,0,0,0,781,229,0
343.0,0,0,0,0,781,229,0
344.0,0,0,0,0,781,229,0
345.0,0,0,0,0,781,229,0
346.0,0,0,0,0,781,229,0
347.0,0,0,0,0,781,229,0
348.0,0,0,0,0,781,229,0
349.0,0,0,0,0,781,229,0
350.0,0,0,0,0,781,229,0
351.0,0,0,0,0,781,229,0
352.0,0,0,0,0,781,229,0
353.0,0,0,0,0,781,229,0
354.0,0,0,0,0,781,229,0
355.0,0,0,0,0,781,229,0
356.0,0,0,0,0,781,229,0
357.0,0,0,0,0,781,229,0
358.0,0,0,0,0,781,229,0
359.0,0,0,0,0,781,229,0
360.0,0,0,0,0,781,229,0
361.0,0,0,0,0,781,229,0
362.0,0,0,0,0,781,229,0
363.0,0,0,0,0,781,229,0
364.0,0,0,0,0,781,229,0
365.0,0,0,0,0,781,229,0
366.0,0,0,0,0,781,229,0
367.0,0,0,0,0,781,229,0
368.0,0,0,0,0,781,229,0
369.0,0,0,0,0,781,229,0
370.0,0,0,0,0,781,229,0
371.0,0,0,0,0,781,229,0
372.0,0,0,0,0,781,229,0
373.0,0,0,0,0,781,229,0
374.0,0,0,0,0,781,229,0
375.0,0,0,0,0,781,229,0
376.0,0,0,0,0,781,229,0
377.0,0,0,0,0,781,229,0
378.0,0,0,0,0,781,229,0
379.0,0,0,0,0,781,229,0
380.0,0,0,0,0,781,229,0
381.0,0,0,0,0,781,229,0
382.0,0,0,0,0,781,229,0
383.0,0,0,0,0,781,229,0
384.0,0,0,0,0,781,229,0
385.0,0,0,0,0,781,229,0
386.0,0,0,0,0,781,229,0
387.0,0,0,0,0,781,229,0
388.0,0,0,0,0,781,229,0
389.0,0,0,0,0,781,229,0
390.0,0,0,0,0,781,229,0
391.0,0,0,0,0,781,229,0
392.0,0,0,0,0,781,229,0
393.0,0,0,0,0,781,229,0
394.0,0,0,0,0,781,229,0
395.0,0,0,0,0,781,229,0
396.0,0,0,0,0,781,229,0
397.0,0,0,0,0,781,229,0
398.0,0,0,0,0,781,229,0
399.0,0,0,0,0,781,229,0
400.0,0,0,0,0,781,229,0
401.0,0,0,0,0,781,229,0
402.0,0,0,0,0,781,229,0
403.0,0,0,0,0,781,229,0
404.0,0,0,0,0,781,229,0
405.0,0,0,0,0,781,229,0
406.0,0,0,0,0,781,229,0
407.0,0,0,0,0,781,229,0
408.0,0,0,0,0,781,229,0
409.0,0,0,0,0,781,229,0
410.0,0,0,0,0,781,229,0
411.0,0,0,0,0,781,229,0
412.0,0,0,0,0,781,229,0
413.0,0,0,0,0,781,229,0
414.0,0,0,0,0,781,229,0
415.0,0,0,0,0,781,229,0
416.0,0,0,0,0,781,229,0
417.0,0,0,0,0,781,229,0
418.0,0,0,0,0,781,229,0
