"run","tick","Dead","InfectedvA","InfectedvB","Quarantined","Recovered","Susceptible","Vaccinated"
1,1.0,0,10,0,0,0,990,0
1,2.0,0,10,0,0,1,989,0
1,3.0,0,12,0,0,1,987,0
1,4.0,0,12,0,0,1,987,0
1,5.0,0,14,0,0,1,985,0
1,6.0,0,18,0,0,1,981,0
1,7.0,0,20,0,0,1,979,0
1,8.0,0,21,0,0,1,978,0
1,9.0,0,24,0,0,1,975,0
1,10.0,0,24,0,0,1,975,0
1,11.0,0,25,0,0,1,974,0
1,12.0,0,28,0,0,1,971,0
1,13.0,0,30,0,0,1,969,0
1,14.0,0,32,0,0,1,967,0
1,15.0,0,36,0,0,1,963,0
1,16.0,0,35,0,0,2,963,0
1,17.0,0,36,0,0,2,962,0
1,18.0,0,38,0,0,2,960,0
1,19.0,0,40,0,0,2,958,0
1,20.0,0,48,0,0,2,950,0
1,21.0,0,40,0,0,11,949,0
1,22.0,0,43,0,0,12,945,0
1,23.0,0,43,0,0,13,944,0
1,24.0,0,43,0,0,15,942,0
1,25.0,0,46,0,0,15,939,0
1,26.0,0,49,0,0,17,934,0
1,27.0,0,49,0,0,21,930,0
1,28.0,0,48,0,0,23,929,0
1,29.0,0,50,0,0,25,925,0
1,30.0,0,51,0,0,27,922,0
1,31.0,0,54,0,0,27,919,0
1,32.0,0,55,0,0,29,916,0
1,33.0,0,55,0,0,32,913,0
1,34.0,0,52,0,0,36,912,0
1,35.0,0,53,0,0,37,910,0
1,36.0,0,50,0,0,41,909,0
1,37.0,0,52,0,0,41,907,0
1,38.0,0,52,0,0,44,904,0
1,39.0,0,51,0,0,47,902,0
1,40.0,0,55,0,0,49,896,0
1,41.0,0,53,0,0,57,890,0
1,42.0,0,54,0,0,59,887,0
1,43.0,0,52,0,0,64,884,0
1,44.0,0,55,0,0,65,880,0
1,45.0,0,52,0,0,70,878,0
1,46.0,0,50,0,0,73,877,0
1,47.0,0,51,0,0,75,874,0
1,48.0,0,50,0,0,78,872,0
1,49.0,0,50,0,0,80,870,0
1,50.0,0,45,0,0,85,870,0
1,51.0,0,48,0,0,88,864,0
1,52.0,0,46,0,0,91,863,0
1,53.0,0,46,0,0,94,860,0
1,54.0,0,50,0,0,96,854,0
1,55.0,0,51,0,0,98,851,0
1,56.0,0,52,0,0,99,849,0
1,57.0,0,50,0,0,101,849,0
1,58.0,0,50,0,0,102,848,0
1,59.0,0,48,0,0,107,845,0
1,60.0,0,49,0,0,108,843,0
1,61.0,0,44,0,0,114,842,0
1,62.0,0,47,0,0,118,835,0
1,63.0,0,45,0,0,121,834,0
1,64.0,0,46,0,0,124,830,0
1,65.0,0,44,0,0,127,829,0
1,66.0,0,44,0,0,129,827,0
1,67.0,0,43,0,0,132,825,0
1,68.0,0,42,0,0,133,825,0
1,69.0,0,40,0,0,135,825,0
1,70.0,0,44,0,0,136,820,0
1,71.0,0,42,0,0,138,820,0
1,72.0,0,40,0,0,143,817,0
1,73.0,0,40,0,0,144,816,0
1,74.0,0,39,0,0,147,814,0
1,75.0,0,36,0,0,152,812,0
1,76.0,0,36,0,0,154,810,0
1,77.0,0,40,0,0,155,805,0
1,78.0,0,42,0,0,155,803,0
1,79.0,0,43,0,0,157,800,0
1,80.0,0,42,0,0,159,799,0
1,81.0,0,41,0,0,160,799,0
1,82.0,0,43,0,0,160,797,0
1,83.0,0,39,0,0,167,794,0
1,84.0,0,40,0,0,168,792,0
1,85.0,0,36,0,0,173,791,0
1,86.0,0,38,0,0,174,788,0
1,87.0,0,37,0,0,175,788,0
1,88.0,0,36,0,0,177,787,0
1,89.0,0,40,0,0,177,783,0
1,90.0,0,42,0,0,177,781,0
1,91.0,0,41,0,0,181,778,0
1,92.0,0,41,0,0,181,778,0
1,93.0,0,40,0,0,184,776,0
1,94.0,0,42,0,0,185,773,0
1,95.0,0,41,0,0,187,772,0
1,96.0,0,41,0,0,188,771,0
1,97.0,0,43,0,0,190,767,0
1,98.0,0,40,0,0,196,764,0
1,99.0,0,38,0,0,199,763,0
1,100.0,0,37,0,0,203,760,0
1,101.0,0,36,0,0,204,760,0
1,102.0,0,38,0,0,205,757,0
1,103.0,0,35,0,0,208,757,0
1,104.0,0,35,0,0,211,754,0
1,105.0,0,35,0,0,213,752,0
1,106.0,0,36,0,0,215,749,0
1,107.0,0,35,0,0,218,747,0
1,108.0,0,37,0,0,218,745,0
1,109.0,0,39,0,0,219,742,0
1,110.0,0,37,0,0,222,741,0
1,111.0,0,38,0,0,225,737,0
1,112.0,0,40,0,0,227,733,0
1,113.0,0,43,0,0,227,730,0
1,114.0,0,46,0,0,228,726,0
1,115.0,0,49,0,0,230,721,0
1,116.0,0,51,0,0,231,718,0
1,117.0,0,53,0,0,231,716,0
1,118.0,0,51,0,0,234,715,0
1,119.0,0,51,0,0,236,713,0
1,120.0,0,53,0,0,237,710,0
1,121.0,0,51,0,0,241,708,0
1,122.0,0,52,0,0,242,706,0
1,123.0,0,48,0,0,246,706,0
1,124.0,0,49,0,0,246,705,0
1,125.0,0,51,0,0,249,700,0
1,126.0,0,52,0,0,251,697,0
1,127.0,0,52,0,0,254,694,0
1,128.0,0,52,0,0,257,691,0
1,129.0,0,54,0,0,259,687,0
1,130.0,0,55,0,0,260,685,0
1,131.0,0,57,0,0,261,682,0
1,132.0,0,54,0,0,265,681,0
1,133.0,0,51,0,0,269,680,0
1,134.0,0,48,0,0,273,679,0
1,135.0,0,46,0,0,277,677,0
1,136.0,0,47,0,0,281,672,0
1,137.0,0,45,0,0,284,671,0
1,138.0,0,44,0,0,287,669,0
1,139.0,0,43,0,0,289,668,0
1,140.0,0,40,0,0,292,668,0
1,141.0,0,38,0,0,295,667,0
1,142.0,0,37,0,0,296,667,0
1,143.0,0,40,0,0,298,662,0
1,144.0,0,41,0,0,298,661,0
1,145.0,0,41,0,0,299,660,0
1,146.0,0,41,0,0,304,655,0
1,147.0,0,39,0,0,308,653,0
1,148.0,0,38,0,0,311,651,0
1,149.0,0,40,0,0,314,646,0
1,150.0,0,39,0,0,319,642,0
1,151.0,0,41,0,0,321,638,0
1,152.0,0,41,0,0,324,635,0
1,153.0,0,42,0,0,324,634,0
1,154.0,0,42,0,0,326,632,0
1,155.0,0,42,0,0,328,630,0
1,156.0,0,43,0,0,329,628,0
1,157.0,0,41,0,0,332,627,0
1,158.0,0,41,0,0,333,626,0
1,159.0,0,40,0,0,335,625,0
1,160.0,0,42,0,0,335,623,0
1,161.0,0,47,0,0,335,618,0
1,162.0,0,49,0,0,336,615,0
1,163.0,0,50,0,0,336,614,0
1,164.0,0,47,0,0,339,614,0
1,165.0,0,47,0,0,340,613,0
1,166.0,0,46,0,0,341,613,0
1,167.0,0,44,0,0,345,611,0
1,168.0,0,44,0,0,347,609,0
1,169.0,0,42,0,0,349,609,0
1,170.0,0,40,0,0,354,606,0
1,171.0,0,37,0,0,358,605,0
1,172.0,0,36,0,0,362,602,0
1,173.0,0,33,0,0,365,602,0
1,174.0,0,32,0,0,366,602,0
1,175.0,0,31,0,0,368,601,0
1,176.0,0,30,0,0,370,600,0
1,177.0,0,30,0,0,372,598,0
1,178.0,0,31,0,0,374,595,0
1,179.0,0,29,0,0,376,595,0
1,180.0,0,29,0,0,377,594,0
1,181.0,0,26,0,0,380,594,0
1,182.0,0,22,0,0,386,592,0
1,183.0,0,21,0,0,389,590,0
1,184.0,0,22,0,0,389,589,0
1,185.0,0,24,0,0,389,587,0
1,186.0,0,24,0,0,390,586,0
1,187.0,0,24,0,0,390,586,0
1,188.0,0,23,0,0,391,586,0
1,189.0,0,22,0,0,393,585,0
1,190.0,0,25,0,0,393,582,0
1,191.0,0,22,0,0,396,582,0
1,192.0,0,21,0,0,397,582,0
1,193.0,0,20,0,0,400,580,0
1,194.0,0,20,0,0,400,580,0
1,195.0,0,21,0,0,400,579,0
1,196.0,0,21,0,0,401,578,0
1,197.0,0,20,0,0,402,578,0
1,198.0,0,23,0,0,403,574,0
1,199.0,0,20,0,0,406,574,0
1,200.0,0,20,0,0,407,573,0
1,201.0,0,20,0,0,408,572,0
1,202.0,0,22,0,0,408,570,0
1,203.0,0,19,0,0,411,570,0
1,204.0,0,17,0,0,414,569,0
1,205.0,0,16,0,0,415,569,0
1,206.0,0,14,0,0,417,569,0
1,207.0,0,13,0,0,419,568,0
1,208.0,0,13,0,0,419,568,0
1,209.0,0,13,0,0,419,568,0
1,210.0,0,14,0,0,420,566,0
1,211.0,0,12,0,0,422,566,0
1,212.0,0,14,0,0,422,564,0
1,213.0,0,14,0,0,422,564,0
1,214.0,0,14,0,0,423,563,0
1,215.0,0,15,0,0,423,562,0
1,216.0,0,16,0,0,423,561,0
1,217.0,0,15,0,0,424,561,0
1,218.0,0,15,0,0,425,560,0
1,219.0,0,13,0,0,427,560,0
1,220.0,0,12,0,0,428,560,0
1,221.0,0,11,0,0,429,560,0
1,222.0,0,11,0,0,429,560,0
1,223.0,0,9,0,0,432,559,0
1,224.0,0,9,0,0,432,559,0
1,225.0,0,8,0,0,433,559,0
1,226.0,0,8,0,0,433,559,0
1,227.0,0,7,0,0,434,559,0
1,228.0,0,7,0,0,435,558,0
1,229.0,0,6,0,0,436,558,0
1,230.0,0,6,0,0,436,558,0
1,231.0,0,5,0,0,437,558,0
1,232.0,0,7,0,0,437,556,0
1,233.0,0,5,0,0,439,556,0
1,234.0,0,5,0,0,439,556,0
1,235.0,0,5,0,0,440,555,0
1,236.0,0,4,0,0,441,555,0
1,237.0,0,4,0,0,441,555,0
1,238.0,0,4,0,0,441,555,0
1,239.0,0,4,0,0,441,555,0
1,240.0,0,4,0,0,441,555,0
1,241.0,0,5,0,0,441,554,0
1,242.0,0,5,0,0,441,554,0
1,243.0,0,5,0,0,441,554,0
1,244.0,0,6,0,0,441,553,0
1,245.0,0,6,0,0,441,553,0
1,246.0,0,6,0,0,441,553,0
1,247.0,0,6,0,0,441,553,0
1,248.0,0,5,0,0,442,553,0
1,249.0,0,3,0,0,444,553,0
1,250.0,0,3,0,0,444,553,0
1,251.0,0,3,0,0,444,553,0
1,252.0,0,3,0,0,444,553,0
1,253.0,0,3,0,0,445,552,0
1,254.0,0,3,0,0,445,552,0
1,255.0,0,3,0,0,445,552,0
1,256.0,0,3,0,0,445,552,0
1,257.0,0,3,0,0,445,552,0
1,258.0,0,3,0,0,445,552,0
1,259.0,0,3,0,0,445,552,0
1,260.0,0,3,0,0,445,552,0
1,261.0,0,3,0,0,445,552,0
1,262.0,0,2,0,0,446,552,0
1,263.0,0,2,0,0,446,552,0
1,264.0,0,2,0,0,446,552,0
1,265.0,0,1,0,0,447,552,0
1,266.0,0,1,0,0,447,552,0
1,267.0,0,1,0,0,447,552,0
1,268.0,0,1,0,0,447,552,0
1,269.0,0,1,0,0,447,552,0
1,270.0,0,1,0,0,447,552,0
1,271.0,0,1,0,0,447,552,0
1,272.0,0,1,0,0,447,552,0
1,273.0,0,1,0,0,447,552,0
1,274.0,0,0,0,0,448,552,0
1,275.0,0,0,0,0,448,552,0
3,1.0,0,10,0,0,0,990,500
3,2.0,0,10,0,0,0,990,500
3,3.0,0,12,0,0,0,988,500
3,4.0,0,12,0,0,0,988,500
3,5.0,0,11,0,0,1,988,500
3,6.0,0,12,0,0,1,987,500
3,7.0,0,14,0,0,1,985,500
3,8.0,0,16,0,0,1,983,500
3,9.0,0,17,0,0,3,980,500
3,10.0,0,19,0,0,3,978,500
3,11.0,0,22,0,0,4,974,500
3,12.0,0,25,0,0,5,970,500
3,13.0,0,27,0,0,5,968,500
3,14.0,0,28,0,0,5,967,500
3,15.0,0,32,0,0,5,963,500
3,16.0,0,33,0,0,5,962,500
3,17.0,0,33,0,0,5,962,500
3,18.0,0,34,0,0,5,961,500
3,19.0,0,34,0,0,6,960,500
3,20.0,0,34,0,0,7,959,500
3,21.0,0,28,0,0,14,958,500
3,22.0,0,29,0,0,15,956,500
3,23.0,0,30,0,0,16,954,500
3,24.0,0,27,0,0,19,954,500
3,25.0,0,26,0,0,20,954,500
3,26.0,0,26,0,0,20,954,500
3,27.0,0,26,0,0,20,954,500
3,28.0,0,26,0,0,22,952,500
3,29.0,0,24,0,0,24,952,500
3,30.0,0,24,0,0,24,952,500
3,31.0,0,24,0,0,26,950,500
3,32.0,0,22,0,0,30,948,500
3,33.0,0,19,0,0,34,947,500
3,34.0,0,18,0,0,36,946,500
3,35.0,0,19,0,0,37,944,500
3,36.0,0,16,0,0,40,944,500
3,37.0,0,17,0,0,41,942,500
3,38.0,0,19,0,0,41,940,500
3,39.0,0,19,0,0,42,939,500
3,40.0,0,20,0,0,43,937,500
3,41.0,0,23,0,0,43,934,500
3,42.0,0,22,0,0,44,934,500
3,43.0,0,21,0,0,46,933,500
3,44.0,0,21,0,0,47,932,500
3,45.0,0,22,0,0,47,931,500
3,46.0,0,22,0,0,47,931,500
3,47.0,0,26,0,0,47,927,500
3,48.0,0,27,0,0,47,926,500
3,49.0,0,27,0,0,49,924,500
3,50.0,0,29,0,0,49,922,500
3,51.0,0,31,0,0,49,920,500
3,52.0,0,31,0,0,51,918,500
3,53.0,0,31,0,0,53,916,500
3,54.0,0,31,0,0,54,915,500
3,55.0,0,33,0,0,55,912,500
3,56.0,0,33,0,0,57,910,500
3,57.0,0,33,0,0,57,910,500
3,58.0,0,31,0,0,59,910,500
3,59.0,0,30,0,0,61,909,500
3,60.0,0,30,0,0,62,908,500
3,61.0,0,28,0,0,65,907,500
3,62.0,0,25,0,0,68,907,500
3,63.0,0,24,0,0,69,907,500
3,64.0,0,25,0,0,70,905,500
3,65.0,0,24,0,0,71,905,500
3,66.0,0,25,0,0,72,903,500
3,67.0,0,26,0,0,72,902,500
3,68.0,0,24,0,0,75,901,500
3,69.0,0,25,0,0,76,899,500
3,70.0,0,25,0,0,78,897,500
3,71.0,0,24,0,0,80,896,500
3,72.0,0,23,0,0,82,895,500
3,73.0,0,21,0,0,84,895,500
3,74.0,0,18,0,0,87,895,500
3,75.0,0,17,0,0,88,895,500
3,76.0,0,16,0,0,89,895,500
3,77.0,0,14,0,0,91,895,500
3,78.0,0,14,0,0,91,895,500
3,79.0,0,14,0,0,91,895,500
3,80.0,0,13,0,0,92,895,500
3,81.0,0,13,0,0,93,894,500
3,82.0,0,13,0,0,93,894,500
3,83.0,0,14,0,0,93,893,500
3,84.0,0,14,0,0,93,893,500
3,85.0,0,12,0,0,95,893,500
3,86.0,0,13,0,0,95,892,500
3,87.0,0,11,0,0,97,892,500
3,88.0,0,10,0,0,98,892,500
3,89.0,0,10,0,0,99,891,500
3,90.0,0,8,0,0,101,891,500
3,91.0,0,6,0,0,103,891,500
3,92.0,0,7,0,0,104,889,500
3,93.0,0,6,0,0,105,889,500
3,94.0,0,6,0,0,105,889,500
3,95.0,0,6,0,0,105,889,500
3,96.0,0,7,0,0,105,888,500
3,97.0,0,7,0,0,105,888,500
3,98.0,0,7,0,0,105,888,500
3,99.0,0,7,0,0,105,888,500
3,100.0,0,8,0,0,105,887,500
3,101.0,0,9,0,0,105,886,500
3,102.0,0,9,0,0,106,885,500
3,103.0,0,9,0,0,106,885,500
3,104.0,0,10,0,0,107,883,500
3,105.0,0,11,0,0,107,882,500
3,106.0,0,11,0,0,107,882,500
3,107.0,0,10,0,0,108,882,500
3,108.0,0,10,0,0,108,882,500
3,109.0,0,11,0,0,108,881,500
3,110.0,0,10,0,0,109,881,500
3,111.0,0,10,0,0,109,881,500
3,112.0,0,12,0,0,109,879,500
3,113.0,0,10,0,0,111,879,500
3,114.0,0,10,0,0,111,879,500
3,115.0,0,10,0,0,111,879,500
3,116.0,0,10,0,0,111,879,500
3,117.0,0,12,0,0,112,876,500
3,118.0,0,12,0,0,113,875,500
3,119.0,0,12,0,0,113,875,500
3,120.0,0,12,0,0,113,875,500
3,121.0,0,12,0,0,114,874,500
3,122.0,0,11,0,0,115,874,500
3,123.0,0,10,0,0,116,874,500
3,124.0,0,11,0,0,116,873,500
3,125.0,0,11,0,0,117,872,500
3,126.0,0,12,0,0,118,870,500
3,127.0,0,13,0,0,118,869,500
3,128.0,0,13,0,0,118,869,500
3,129.0,0,16,0,0,118,866,500
3,130.0,0,15,0,0,119,866,500
3,131.0,0,16,0,0,119,865,500
3,132.0,0,20,0,0,119,861,500
3,133.0,0,19,0,0,121,860,500
3,134.0,0,19,0,0,121,860,500
3,135.0,0,17,0,0,123,860,500
3,136.0,0,17,0,0,123,860,500
3,137.0,0,17,0,0,123,860,500
3,138.0,0,15,0,0,126,859,500
3,139.0,0,13,0,0,128,859,500
3,140.0,0,16,0,0,128,856,500
3,141.0,0,16,0,0,128,856,500
3,142.0,0,15,0,0,129,856,500
3,143.0,0,15,0,0,130,855,500
3,144.0,0,14,0,0,131,855,500
3,145.0,0,14,0,0,132,854,500
3,146.0,0,13,0,0,133,854,500
3,147.0,0,14,0,0,133,853,500
3,148.0,0,14,0,0,134,852,500
3,149.0,0,14,0,0,134,852,500
3,150.0,0,14,0,0,137,849,500
3,151.0,0,15,0,0,137,848,500
3,152.0,0,18,0,0,137,845,500
3,153.0,0,16,0,0,140,844,500
3,154.0,0,17,0,0,140,843,500
3,155.0,0,17,0,0,140,843,500
3,156.0,0,17,0,0,140,843,500
3,157.0,0,19,0,0,140,841,500
3,158.0,0,20,0,0,140,840,500
3,159.0,0,18,0,0,142,840,500
3,160.0,0,18,0,0,142,840,500
3,161.0,0,16,0,0,146,838,500
3,162.0,0,15,0,0,148,837,500
3,163.0,0,15,0,0,148,837,500
3,164.0,0,14,0,0,149,837,500
3,165.0,0,15,0,0,149,836,500
3,166.0,0,13,0,0,151,836,500
3,167.0,0,13,0,0,151,836,500
3,168.0,0,12,0,0,152,836,500
3,169.0,0,12,0,0,153,835,500
3,170.0,0,12,0,0,153,835,500
3,171.0,0,10,0,0,155,835,500
3,172.0,0,10,0,0,155,835,500
3,173.0,0,8,0,0,157,835,500
3,174.0,0,7,0,0,159,834,500
3,175.0,0,6,0,0,160,834,500
3,176.0,0,6,0,0,160,834,500
3,177.0,0,6,0,0,160,834,500
3,178.0,0,4,0,0,162,834,500
3,179.0,0,4,0,0,162,834,500
3,180.0,0,4,0,0,162,834,500
3,181.0,0,4,0,0,162,834,500
3,182.0,0,3,0,0,163,834,500
3,183.0,0,2,0,0,164,834,500
3,184.0,0,2,0,0,164,834,500
3,185.0,0,2,0,0,164,834,500
3,186.0,0,2,0,0,164,834,500
3,187.0,0,2,0,0,164,834,500
3,188.0,0,2,0,0,164,834,500
3,189.0,0,2,0,0,164,834,500
3,190.0,0,1,0,0,165,834,500
3,191.0,0,1,0,0,165,834,500
3,192.0,0,1,0,0,165,834,500
3,193.0,0,1,0,0,165,834,500
3,194.0,0,1,0,0,165,834,500
3,195.0,0,0,0,0,166,834,500
5,1.0,0,10,0,0,0,740,0
5,2.0,0,10,0,0,0,740,0
5,3.0,0,9,0,0,1,740,0
5,4.0,0,9,0,0,1,740,0
5,5.0,0,9,0,0,1,740,0
5,6.0,0,8,0,0,2,740,0
5,7.0,0,9,0,0,2,739,0
5,8.0,0,9,0,0,2,739,0
5,9.0,0,9,0,0,2,739,0
5,10.0,0,9,0,0,2,739,0
5,11.0,0,9,0,0,2,739,0
5,12.0,0,10,0,0,2,738,0
5,13.0,0,10,0,0,2,738,0
5,14.0,0,9,0,0,3,738,0
5,15.0,0,12,0,0,3,735,0
5,16.0,0,12,0,0,3,735,0
5,17.0,0,14,0,0,3,733,0
5,18.0,0,14,0,0,3,733,0
5,19.0,0,14,0,0,3,733,0
5,20.0,0,16,0,0,3,731,0
5,21.0,0,9,0,0,11,730,0
5,22.0,0,9,0,0,11,730,0
5,23.0,0,9,0,0,11,730,0
5,24.0,0,9,0,0,11,730,0
5,25.0,0,10,0,0,11,729,0
5,26.0,0,10,0,0,11,729,0
5,27.0,0,11,0,0,11,728,0
5,28.0,0,10,0,0,12,728,0
5,29.0,0,10,0,0,12,728,0
5,30.0,0,11,0,0,12,727,0
5,31.0,0,12,0,0,12,726,0
5,32.0,0,12,0,0,12,726,0
5,33.0,0,13,0,0,12,725,0
5,34.0,0,15,0,0,12,723,0
5,35.0,0,17,0,0,12,721,0
5,36.0,0,16,0,0,16,718,0
5,37.0,0,18,0,0,16,716,0
5,38.0,0,16,0,0,18,716,0
5,39.0,0,17,0,0,18,715,0
5,40.0,0,18,0,0,18,714,0
5,41.0,0,15,0,0,21,714,0
5,42.0,0,14,0,0,22,714,0
5,43.0,0,14,0,0,22,714,0
5,44.0,0,15,0,0,22,713,0
5,45.0,0,15,0,0,22,713,0
5,46.0,0,15,0,0,23,712,0
5,47.0,0,18,0,0,23,709,0
5,48.0,0,17,0,0,24,709,0
5,49.0,0,17,0,0,24,709,0
5,50.0,0,17,0,0,24,709,0
5,51.0,0,17,0,0,24,709,0
5,52.0,0,17,0,0,25,708,0
5,53.0,0,19,0,0,25,706,0
5,54.0,0,19,0,0,26,705,0
5,55.0,0,18,0,0,29,703,0
5,56.0,0,18,0,0,31,701,0
5,57.0,0,15,0,0,35,700,0
5,58.0,0,14,0,0,36,700,0
5,59.0,0,14,0,0,36,700,0
5,60.0,0,14,0,0,37,699,0
5,61.0,0,14,0,0,38,698,0
5,62.0,0,14,0,0,38,698,0
5,63.0,0,16,0,0,38,696,0
5,64.0,0,16,0,0,38,696,0
5,65.0,0,18,0,0,40,692,0
5,66.0,0,18,0,0,40,692,0
5,67.0,0,17,0,0,41,692,0
5,68.0,0,14,0,0,44,692,0
5,69.0,0,14,0,0,44,692,0
5,70.0,0,15,0,0,44,691,0
5,71.0,0,15,0,0,44,691,0
5,72.0,0,15,0,0,44,691,0
5,73.0,0,17,0,0,45,688,0
5,74.0,0,16,0,0,46,688,0
5,75.0,0,17,0,0,46,687,0
5,76.0,0,16,0,0,49,685,0
5,77.0,0,14,0,0,51,685,0
5,78.0,0,14,0,0,51,685,0
5,79.0,0,15,0,0,51,684,0
5,80.0,0,15,0,0,51,684,0
5,81.0,0,14,0,0,52,684,0
5,82.0,0,13,0,0,53,684,0
5,83.0,0,13,0,0,53,684,0
5,84.0,0,11,0,0,55,684,0
5,85.0,0,11,0,0,55,684,0
5,86.0,0,7,0,0,59,684,0
5,87.0,0,7,0,0,59,684,0
5,88.0,0,8,0,0,59,683,0
5,89.0,0,8,0,0,59,683,0
5,90.0,0,9,0,0,59,682,0
5,91.0,0,8,0,0,60,682,0
5,92.0,0,9,0,0,60,681,0
5,93.0,0,9,0,0,60,681,0
5,94.0,0,7,0,0,62,681,0
5,95.0,0,7,0,0,62,681,0
5,96.0,0,6,0,0,63,681,0
5,97.0,0,4,0,0,65,681,0
5,98.0,0,4,0,0,65,681,0
5,99.0,0,5,0,0,65,680,0
5,100.0,0,4,0,0,66,680,0
5,101.0,0,4,0,0,66,680,0
5,102.0,0,4,0,0,66,680,0
5,103.0,0,4,0,0,66,680,0
5,104.0,0,4,0,0,66,680,0
5,105.0,0,4,0,0,66,680,0
5,106.0,0,4,0,0,66,680,0
5,107.0,0,5,0,0,66,679,0
5,108.0,0,5,0,0,66,679,0
5,109.0,0,4,0,0,67,679,0
5,110.0,0,4,0,0,67,679,0
5,111.0,0,3,0,0,68,679,0
5,112.0,0,3,0,0,68,679,0
5,113.0,0,2,0,0,69,679,0
5,114.0,0,2,0,0,69,679,0
5,115.0,0,2,0,0,69,679,0
5,116.0,0,3,0,0,69,678,0
5,117.0,0,4,0,0,69,677,0
5,118.0,0,4,0,0,69,677,0
5,119.0,0,6,0,0,69,675,0
5,120.0,0,5,0,0,70,675,0
5,121.0,0,5,0,0,70,675,0
5,122.0,0,5,0,0,70,675,0
5,123.0,0,5,0,0,70,675,0
5,124.0,0,5,0,0,70,675,0
5,125.0,0,5,0,0,70,675,0
5,126.0,0,6,0,0,71,673,0
5,127.0,0,6,0,0,71,673,0
5,128.0,0,6,0,0,72,672,0
5,129.0,0,5,0,0,73,672,0
5,130.0,0,5,0,0,73,672,0
5,131.0,0,5,0,0,73,672,0
5,132.0,0,5,0,0,73,672,0
5,133.0,0,5,0,0,73,672,0
5,134.0,0,5,0,0,73,672,0
5,135.0,0,5,0,0,73,672,0
5,136.0,0,5,0,0,73,672,0
5,137.0,0,5,0,0,73,672,0
5,138.0,0,4,0,0,74,672,0
5,139.0,0,4,0,0,74,672,0
5,140.0,0,3,0,0,75,672,0
5,141.0,0,3,0,0,75,672,0
5,142.0,0,3,0,0,75,672,0
5,143.0,0,3,0,0,75,672,0
5,144.0,0,3,0,0,75,672,0
5,145.0,0,3,0,0,75,672,0
5,146.0,0,3,0,0,75,672,0
5,147.0,0,2,0,0,77,671,0
5,148.0,0,2,0,0,77,671,0
5,149.0,0,1,0,0,78,671,0
5,150.0,0,1,0,0,78,671,0
5,151.0,0,1,0,0,78,671,0
5,152.0,0,1,0,0,78,671,0
5,153.0,0,1,0,0,78,671,0
5,154.0,0,1,0,0,78,671,0
5,155.0,0,1,0,0,78,671,0
5,156.0,0,1,0,0,78,671,0
5,157.0,0,1,0,0,78,671,0
5,158.0,0,1,0,0,78,671,0
5,159.0,0,1,0,0,78,671,0
5,160.0,0,1,0,0,78,671,0
5,161.0,0,1,0,0,78,671,0
5,162.0,0,1,0,0,78,671,0
5,163.0,0,0,0,0,79,671,0
7,1.0,0,11,0,0,0,739,500
7,2.0,0,12,0,0,0,738,500
7,3.0,0,12,0,0,0,738,500
7,4.0,0,14,0,0,0,736,500
7,5.0,0,15,0,0,0,735,500
7,6.0,0,15,0,0,0,735,500
7,7.0,0,14,0,0,1,735,500
7,8.0,0,13,0,0,2,735,500
7,9.0,0,14,0,0,2,734,500
7,10.0,0,18,0,0,2,730,500
7,11.0,0,18,0,0,2,730,500
7,12.0,0,17,0,0,3,730,500
7,13.0,0,17,0,0,3,730,500
7,14.0,0,17,0,0,3,730,500
7,15.0,0,19,0,0,3,728,500
7,16.0,0,20,0,0,4,726,500
7,17.0,0,21,0,0,4,725,500
7,18.0,0,21,0,0,4,725,500
7,19.0,0,21,0,0,4,725,500
7,20.0,0,21,0,0,4,725,500
7,21.0,0,16,0,0,12,722,500
7,22.0,0,16,0,0,12,722,500
7,23.0,0,15,0,0,13,722,500
7,24.0,0,15,0,0,13,722,500
7,25.0,0,14,0,0,15,721,500
7,26.0,0,14,0,0,16,720,500
7,27.0,0,15,0,0,16,719,500
7,28.0,0,15,0,0,16,719,500
7,29.0,0,15,0,0,16,719,500
7,30.0,0,16,0,0,17,717,500
7,31.0,0,13,0,0,21,716,500
7,32.0,0,14,0,0,21,715,500
7,33.0,0,14,0,0,21,715,500
7,34.0,0,16,0,0,21,713,500
7,35.0,0,17,0,0,21,712,500
7,36.0,0,16,0,0,22,712,500
7,37.0,0,15,0,0,24,711,500
7,38.0,0,14,0,0,25,711,500
7,39.0,0,15,0,0,25,710,500
7,40.0,0,18,0,0,25,707,500
7,41.0,0,18,0,0,25,707,500
7,42.0,0,14,0,0,29,707,500
7,43.0,0,14,0,0,29,707,500
7,44.0,0,15,0,0,29,706,500
7,45.0,0,15,0,0,29,706,500
7,46.0,0,15,0,0,30,705,500
7,47.0,0,15,0,0,31,704,500
7,48.0,0,15,0,0,32,703,500
7,49.0,0,16,0,0,32,702,500
7,50.0,0,16,0,0,32,702,500
7,51.0,0,16,0,0,34,700,500
7,52.0,0,16,0,0,35,699,500
7,53.0,0,18,0,0,36,696,500
7,54.0,0,19,0,0,36,695,500
7,55.0,0,17,0,0,39,694,500
7,56.0,0,17,0,0,40,693,500
7,57.0,0,18,0,0,40,692,500
7,58.0,0,17,0,0,41,692,500
7,59.0,0,17,0,0,41,692,500
7,60.0,0,17,0,0,42,691,500
7,61.0,0,15,0,0,44,691,500
7,62.0,0,16,0,0,45,689,500
7,63.0,0,16,0,0,45,689,500
7,64.0,0,16,0,0,45,689,500
7,65.0,0,17,0,0,46,687,500
7,66.0,0,18,0,0,46,686,500
7,67.0,0,18,0,0,47,685,500
7,68.0,0,17,0,0,48,685,500
7,69.0,0,18,0,0,49,683,500
7,70.0,0,18,0,0,49,683,500
7,71.0,0,18,0,0,49,683,500
7,72.0,0,19,0,0,50,681,500
7,73.0,0,18,0,0,51,681,500
7,74.0,0,17,0,0,54,679,500
7,75.0,0,17,0,0,56,677,500
7,76.0,0,17,0,0,57,676,500
7,77.0,0,16,0,0,59,675,500
7,78.0,0,17,0,0,60,673,500
7,79.0,0,18,0,0,60,672,500
7,80.0,0,19,0,0,60,671,500
7,81.0,0,18,0,0,61,671,500
7,82.0,0,19,0,0,61,670,500
7,83.0,0,19,0,0,63,668,500
7,84.0,0,22,0,0,63,665,500
7,85.0,0,22,0,0,63,665,500
7,86.0,0,21,0,0,64,665,500
7,87.0,0,21,0,0,64,665,500
7,88.0,0,23,0,0,65,662,500
7,89.0,0,23,0,0,65,662,500
7,90.0,0,21,0,0,68,661,500
7,91.0,0,20,0,0,69,661,500
7,92.0,0,22,0,0,69,659,500
7,93.0,0,20,0,0,71,659,500
7,94.0,0,21,0,0,71,658,500
7,95.0,0,21,0,0,73,656,500
7,96.0,0,20,0,0,75,655,500
7,97.0,0,18,0,0,77,655,500
7,98.0,0,17,0,0,79,654,500
7,99.0,0,16,0,0,82,652,500
7,100.0,0,15,0,0,83,652,500
7,101.0,0,15,0,0,83,652,500
7,102.0,0,15,0,0,83,652,500
7,103.0,0,14,0,0,84,652,500
7,104.0,0,13,0,0,85,652,500
7,105.0,0,11,0,0,87,652,500
7,106.0,0,13,0,0,87,650,500
7,107.0,0,13,0,0,87,650,500
7,108.0,0,13,0,0,87,650,500
7,109.0,0,12,0,0,89,649,500
7,110.0,0,14,0,0,89,647,500
7,111.0,0,13,0,0,90,647,500
7,112.0,0,13,0,0,90,647,500
7,113.0,0,11,0,0,92,647,500
7,114.0,0,11,0,0,92,647,500
7,115.0,0,11,0,0,93,646,500
7,116.0,0,9,0,0,95,646,500
7,117.0,0,9,0,0,95,646,500
7,118.0,0,12,0,0,95,643,500
7,119.0,0,11,0,0,96,643,500
7,120.0,0,9,0,0,98,643,500
7,121.0,0,9,0,0,98,643,500
7,122.0,0,9,0,0,98,643,500
7,123.0,0,9,0,0,98,643,500
7,124.0,0,9,0,0,98,643,500
7,125.0,0,9,0,0,98,643,500
7,126.0,0,9,0,0,98,643,500
7,127.0,0,8,0,0,100,642,500
7,128.0,0,9,0,0,100,641,500
7,129.0,0,9,0,0,100,641,500
7,130.0,0,9,0,0,101,640,500
7,131.0,0,7,0,0,103,640,500
7,132.0,0,7,0,0,103,640,500
7,133.0,0,7,0,0,103,640,500
7,134.0,0,7,0,0,103,640,500
7,135.0,0,7,0,0,103,640,500
7,136.0,0,6,0,0,104,640,500
7,137.0,0,6,0,0,104,640,500
7,138.0,0,7,0,0,104,639,500
7,139.0,0,4,0,0,107,639,500
7,140.0,0,4,0,0,107,639,500
7,141.0,0,4,0,0,107,639,500
7,142.0,0,4,0,0,107,639,500
7,143.0,0,4,0,0,107,639,500
7,144.0,0,4,0,0,107,639,500
7,145.0,0,4,0,0,107,639,500
7,146.0,0,4,0,0,107,639,500
7,147.0,0,4,0,0,107,639,500
7,148.0,0,3,0,0,108,639,500
7,149.0,0,2,0,0,109,639,500
7,150.0,0,2,0,0,109,639,500
7,151.0,0,1,0,0,110,639,500
7,152.0,0,1,0,0,110,639,500
7,153.0,0,1,0,0,110,639,500
7,154.0,0,1,0,0,110,639,500
7,155.0,0,1,0,0,110,639,500
7,156.0,0,1,0,0,110,639,500
7,157.0,0,1,0,0,110,639,500
7,158.0,0,1,0,0,110,639,500
7,159.0,0,1,0,0,111,638,500
7,160.0,0,1,0,0,111,638,500
7,161.0,0,1,0,0,111,638,500
7,162.0,0,1,0,0,111,638,500
7,163.0,0,1,0,0,111,638,500
7,164.0,0,1,0,0,111,638,500
7,165.0,0,1,0,0,111,638,500
7,166.0,0,1,0,0,111,638,500
7,167.0,0,1,0,0,111,638,500
7,168.0,0,1,0,0,111,638,500
7,169.0,0,1,0,0,111,638,500
7,170.0,0,2,0,0,111,637,500
7,171.0,0,2,0,0,111,637,500
7,172.0,0,2,0,0,111,637,500
7,173.0,0,2,0,0,111,637,500
7,174.0,0,2,0,0,111,637,500
7,175.0,0,2,0,0,111,637,500
7,176.0,0,2,0,0,111,637,500
7,177.0,0,2,0,0,111,637,500
7,178.0,0,2,0,0,111,637,500
7,179.0,0,2,0,0,111,637,500
7,180.0,0,1,0,0,112,637,500
7,181.0,0,1,0,0,112,637,500
7,182.0,0,1,0,0,112,637,500
7,183.0,0,1,0,0,112,637,500
7,184.0,0,1,0,0,112,637,500
7,185.0,0,2,0,0,112,636,500
7,186.0,0,2,0,0,112,636,500
7,187.0,0,2,0,0,112,636,500
7,188.0,0,2,0,0,112,636,500
7,189.0,0,2,0,0,112,636,500
7,190.0,0,2,0,0,112,636,500
7,191.0,0,1,0,0,113,636,500
7,192.0,0,1,0,0,113,636,500
7,193.0,0,1,0,0,113,636,500
7,194.0,0,1,0,0,113,636,500
7,195.0,0,1,0,0,113,636,500
7,196.0,0,1,0,0,113,636,500
7,197.0,0,1,0,0,113,636,500
7,198.0,0,1,0,0,113,636,500
7,199.0,0,1,0,0,113,636,500
7,200.0,0,1,0,0,113,636,500
7,201.0,0,1,0,0,113,636,500
7,202.0,0,1,0,0,113,636,500
7,203.0,0,1,0,0,113,636,500
7,204.0,0,1,0,0,113,636,500
7,205.0,0,1,0,0,113,636,500
7,206.0,0,0,0,0,114,636,500
9,1.0,0,10,0,0,1,489,0
9,2.0,0,10,0,0,1,489,0
9,3.0,0,11,0,0,1,488,0
9,4.0,0,13,0,0,1,486,0
9,5.0,0,13,0,0,1,486,0
9,6.0,0,14,0,0,1,485,0
9,7.0,0,16,0,0,1,483,0
9,8.0,0,16,0,0,2,482,0
9,9.0,0,16,0,0,2,482,0
9,10.0,0,16,0,0,3,481,0
9,11.0,0,15,0,0,4,481,0
9,12.0,0,14,0,0,5,481,0
9,13.0,0,14,0,0,5,481,0
9,14.0,0,15,0,0,5,480,0
9,15.0,0,15,0,0,5,480,0
9,16.0,0,15,0,0,5,480,0
9,17.0,0,15,0,0,5,480,0
9,18.0,0,18,0,0,5,477,0
9,19.0,0,18,0,0,5,477,0
9,20.0,0,19,0,0,5,476,0
9,21.0,0,13,0,0,13,474,0
9,22.0,0,12,0,0,14,474,0
9,23.0,0,11,0,0,15,474,0
9,24.0,0,11,0,0,15,474,0
9,25.0,0,10,0,0,16,474,0
9,26.0,0,10,0,0,16,474,0
9,27.0,0,9,0,0,17,474,0
9,28.0,0,7,0,0,19,474,0
9,29.0,0,6,0,0,20,474,0
9,30.0,0,6,0,0,20,474,0
9,31.0,0,5,0,0,21,474,0
9,32.0,0,5,0,0,21,474,0
9,33.0,0,5,0,0,21,474,0
9,34.0,0,3,0,0,23,474,0
9,35.0,0,2,0,0,24,474,0
9,36.0,0,2,0,0,24,474,0
9,37.0,0,2,0,0,24,474,0
9,38.0,0,2,0,0,24,474,0
9,39.0,0,1,0,0,25,474,0
9,40.0,0,1,0,0,25,474,0
9,41.0,0,0,0,0,26,474,0
9,42.0,0,0,0,0,26,474,0
11,1.0,0,10,0,0,0,490,500
11,2.0,0,11,0,0,0,489,500
11,3.0,0,11,0,0,0,489,500
11,4.0,0,11,0,0,0,489,500
11,5.0,0,11,0,0,0,489,500
11,6.0,0,11,0,0,0,489,500
11,7.0,0,11,0,0,0,489,500
11,8.0,0,11,0,0,0,489,500
11,9.0,0,12,0,0,0,488,500
11,10.0,0,12,0,0,0,488,500
11,11.0,0,12,0,0,0,488,500
11,12.0,0,12,0,0,0,488,500
11,13.0,0,13,0,0,0,487,500
11,14.0,0,12,0,0,1,487,500
11,15.0,0,13,0,0,1,486,500
11,16.0,0,13,0,0,1,486,500
11,17.0,0,14,0,0,1,485,500
11,18.0,0,15,0,0,1,484,500
11,19.0,0,15,0,0,1,484,500
11,20.0,0,17,0,0,1,482,500
11,21.0,0,9,0,0,10,481,500
11,22.0,0,9,0,0,10,481,500
11,23.0,0,9,0,0,11,480,500
11,24.0,0,10,0,0,11,479,500
11,25.0,0,10,0,0,11,479,500
11,26.0,0,10,0,0,11,479,500
11,27.0,0,10,0,0,11,479,500
11,28.0,0,11,0,0,11,478,500
11,29.0,0,11,0,0,11,478,500
11,30.0,0,10,0,0,12,478,500
11,31.0,0,10,0,0,12,478,500
11,32.0,0,10,0,0,12,478,500
11,33.0,0,11,0,0,12,477,500
11,34.0,0,10,0,0,13,477,500
11,35.0,0,11,0,0,13,476,500
11,36.0,0,10,0,0,14,476,500
11,37.0,0,11,0,0,14,475,500
11,38.0,0,9,0,0,16,475,500
11,39.0,0,9,0,0,16,475,500
11,40.0,0,10,0,0,16,474,500
11,41.0,0,8,0,0,18,474,500
11,42.0,0,7,0,0,19,474,500
11,43.0,0,9,0,0,19,472,500
11,44.0,0,8,0,0,20,472,500
11,45.0,0,9,0,0,21,470,500
11,46.0,0,9,0,0,21,470,500
11,47.0,0,9,0,0,21,470,500
11,48.0,0,9,0,0,21,470,500
11,49.0,0,8,0,0,22,470,500
11,50.0,0,8,0,0,22,470,500
11,51.0,0,9,0,0,22,469,500
11,52.0,0,9,0,0,22,469,500
11,53.0,0,9,0,0,22,469,500
11,54.0,0,8,0,0,23,469,500
11,55.0,0,9,0,0,23,468,500
11,56.0,0,8,0,0,24,468,500
11,57.0,0,7,0,0,25,468,500
11,58.0,0,6,0,0,26,468,500
11,59.0,0,6,0,0,26,468,500
11,60.0,0,6,0,0,26,468,500
11,61.0,0,5,0,0,27,468,500
11,62.0,0,5,0,0,27,468,500
11,63.0,0,5,0,0,27,468,500
11,64.0,0,5,0,0,28,467,500
11,65.0,0,5,0,0,28,467,500
11,66.0,0,3,0,0,30,467,500
11,67.0,0,3,0,0,30,467,500
11,68.0,0,4,0,0,30,466,500
11,69.0,0,4,0,0,30,466,500
11,70.0,0,5,0,0,30,465,500
11,71.0,0,5,0,0,30,465,500
11,72.0,0,4,0,0,31,465,500
11,73.0,0,4,0,0,31,465,500
11,74.0,0,4,0,0,31,465,500
11,75.0,0,4,0,0,31,465,500
11,76.0,0,4,0,0,32,464,500
11,77.0,0,4,0,0,32,464,500
11,78.0,0,4,0,0,32,464,500
11,79.0,0,4,0,0,32,464,500
11,80.0,0,4,0,0,32,464,500
11,81.0,0,5,0,0,32,463,500
11,82.0,0,6,0,0,32,462,500
11,83.0,0,7,0,0,32,461,500
11,84.0,0,7,0,0,32,461,500
11,85.0,0,6,0,0,33,461,500
11,86.0,0,6,0,0,33,461,500
11,87.0,0,6,0,0,33,461,500
11,88.0,0,6,0,0,33,461,500
11,89.0,0,6,0,0,34,460,500
11,90.0,0,6,0,0,34,460,500
11,91.0,0,5,0,0,35,460,500
11,92.0,0,5,0,0,35,460,500
11,93.0,0,5,0,0,35,460,500
11,94.0,0,5,0,0,35,460,500
11,95.0,0,5,0,0,35,460,500
11,96.0,0,5,0,0,35,460,500
11,97.0,0,3,0,0,37,460,500
11,98.0,0,3,0,0,37,460,500
11,99.0,0,3,0,0,37,460,500
11,100.0,0,3,0,0,37,460,500
11,101.0,0,3,0,0,37,460,500
11,102.0,0,2,0,0,38,460,500
11,103.0,0,2,0,0,38,460,500
11,104.0,0,1,0,0,39,460,500
11,105.0,0,1,0,0,39,460,500
11,106.0,0,1,0,0,39,460,500
11,107.0,0,1,0,0,39,460,500
11,108.0,0,1,0,0,39,460,500
11,109.0,0,1,0,0,39,460,500
11,110.0,0,0,0,0,40,460,500
13,1.0,0,10,0,0,0,240,0
13,2.0,0,11,0,0,0,239,0
13,3.0,0,11,0,0,0,239,0
13,4.0,0,11,0,0,0,239,0
13,5.0,0,12,0,0,0,238,0
13,6.0,0,12,0,0,0,238,0
13,7.0,0,12,0,0,0,238,0
13,8.0,0,12,0,0,0,238,0
13,9.0,0,12,0,0,0,238,0
13,10.0,0,12,0,0,0,238,0
13,11.0,0,11,0,0,1,238,0
13,12.0,0,11,0,0,1,238,0
13,13.0,0,11,0,0,1,238,0
13,14.0,0,11,0,0,1,238,0
13,15.0,0,11,0,0,1,238,0
13,16.0,0,11,0,0,1,238,0
13,17.0,0,10,0,0,2,238,0
13,18.0,0,10,0,0,2,238,0
13,19.0,0,11,0,0,2,237,0
13,20.0,0,11,0,0,2,237,0
13,21.0,0,3,0,0,10,237,0
13,22.0,0,3,0,0,10,237,0
13,23.0,0,2,0,0,11,237,0
13,24.0,0,2,0,0,11,237,0
13,25.0,0,2,0,0,11,237,0
13,26.0,0,1,0,0,12,237,0
13,27.0,0,1,0,0,12,237,0
13,28.0,0,1,0,0,12,237,0
13,29.0,0,1,0,0,12,237,0
13,30.0,0,1,0,0,12,237,0
13,31.0,0,1,0,0,12,237,0
13,32.0,0,1,0,0,12,237,0
13,33.0,0,1,0,0,12,237,0
13,34.0,0,1,0,0,12,237,0
13,35.0,0,1,0,0,12,237,0
13,36.0,0,1,0,0,12,237,0
13,37.0,0,1,0,0,12,237,0
13,38.0,0,0,0,0,13,237,0
15,1.0,0,10,0,0,0,240,500
15,2.0,0,10,0,0,0,240,500
15,3.0,0,11,0,0,0,239,500
15,4.0,0,13,0,0,0,237,500
15,5.0,0,13,0,0,0,237,500
15,6.0,0,13,0,0,0,237,500
15,7.0,0,13,0,0,0,237,500
15,8.0,0,13,0,0,0,237,500
15,9.0,0,13,0,0,0,237,500
15,10.0,0,13,0,0,0,237,500
15,11.0,0,13,0,0,0,237,500
15,12.0,0,13,0,0,0,237,500
15,13.0,0,13,0,0,0,237,500
15,14.0,0,12,0,0,1,237,500
15,15.0,0,12,0,0,1,237,500
15,16.0,0,12,0,0,1,237,500
15,17.0,0,12,0,0,1,237,500
15,18.0,0,12,0,0,1,237,500
15,19.0,0,14,0,0,1,235,500
15,20.0,0,14,0,0,1,235,500
15,21.0,0,5,0,0,10,235,500
15,22.0,0,5,0,0,10,235,500
15,23.0,0,5,0,0,10,235,500
15,24.0,0,4,0,0,11,235,500
15,25.0,0,2,0,0,13,235,500
15,26.0,0,2,0,0,13,235,500
15,27.0,0,2,0,0,13,235,500
15,28.0,0,2,0,0,13,235,500
15,29.0,0,3,0,0,13,234,500
15,30.0,0,3,0,0,13,234,500
15,31.0,0,3,0,0,13,234,500
15,32.0,0,3,0,0,13,234,500
15,33.0,0,3,0,0,13,234,500
15,34.0,0,3,0,0,13,234,500
15,35.0,0,3,0,0,13,234,500
15,36.0,0,3,0,0,13,234,500
15,37.0,0,3,0,0,13,234,500
15,38.0,0,3,0,0,13,234,500
15,39.0,0,3,0,0,13,234,500
15,40.0,0,1,0,0,15,234,500
15,41.0,0,1,0,0,15,234,500
15,42.0,0,1,0,0,15,234,500
15,43.0,0,1,0,0,15,234,500
15,44.0,0,1,0,0,15,234,500
15,45.0,0,1,0,0,15,234,500
15,46.0,0,1,0,0,15,234,500
15,47.0,0,1,0,0,15,234,500
15,48.0,0,1,0,0,15,234,500
15,49.0,0,1,0,0,15,234,500
15,50.0,0,0,0,0,16,234,500
2,1.0,0,10,0,0,1,989,250
2,2.0,0,10,0,0,2,988,250
2,3.0,0,11,0,0,2,987,250
2,4.0,0,11,0,0,2,987,250
2,5.0,0,13,0,0,2,985,250
2,6.0,0,13,0,0,2,985,250
2,7.0,0,15,0,0,2,983,250
2,8.0,0,20,0,0,2,978,250
2,9.0,0,20,0,0,2,978,250
2,10.0,0,25,0,0,2,973,250
2,11.0,0,24,0,0,3,973,250
2,12.0,0,25,0,0,3,972,250
2,13.0,0,24,0,0,4,972,250
2,14.0,0,27,0,0,4,969,250
2,15.0,0,30,0,0,4,966,250
2,16.0,0,33,0,0,4,963,250
2,17.0,0,38,0,0,4,958,250
2,18.0,0,38,0,0,5,957,250
2,19.0,0,39,0,0,6,955,250
2,20.0,0,43,0,0,6,951,250
2,21.0,0,38,0,0,14,948,250
2,22.0,0,38,0,0,15,947,250
2,23.0,0,37,0,0,17,946,250
2,24.0,0,39,0,0,18,943,250
2,25.0,0,38,0,0,19,943,250
2,26.0,0,39,0,0,20,941,250
2,27.0,0,45,0,0,20,935,250
2,28.0,0,44,0,0,22,934,250
2,29.0,0,41,0,0,27,932,250
2,30.0,0,48,0,0,27,925,250
2,31.0,0,45,0,0,31,924,250
2,32.0,0,46,0,0,31,923,250
2,33.0,0,48,0,0,31,921,250
2,34.0,0,51,0,0,31,918,250
2,35.0,0,56,0,0,34,910,250
2,36.0,0,58,0,0,36,906,250
2,37.0,0,59,0,0,39,902,250
2,38.0,0,59,0,0,43,898,250
2,39.0,0,59,0,0,45,896,250
2,40.0,0,59,0,0,47,894,250
2,41.0,0,61,0,0,51,888,250
2,42.0,0,61,0,0,54,885,250
2,43.0,0,60,0,0,55,885,250
2,44.0,0,61,0,0,56,883,250
2,45.0,0,62,0,0,59,879,250
2,46.0,0,66,0,0,60,874,250
2,47.0,0,65,0,0,63,872,250
2,48.0,0,60,0,0,69,871,250
2,49.0,0,60,0,0,72,868,250
2,50.0,0,61,0,0,74,865,250
2,51.0,0,59,0,0,80,861,250
2,52.0,0,60,0,0,81,859,250
2,53.0,0,62,0,0,82,856,250
2,54.0,0,69,0,0,84,847,250
2,55.0,0,67,0,0,88,845,250
2,56.0,0,61,0,0,96,843,250
2,57.0,0,57,0,0,100,843,250
2,58.0,0,59,0,0,103,838,250
2,59.0,0,58,0,0,108,834,250
2,60.0,0,57,0,0,110,833,250
2,61.0,0,57,0,0,113,830,250
2,62.0,0,52,0,0,120,828,250
2,63.0,0,53,0,0,122,825,250
2,64.0,0,54,0,0,122,824,250
2,65.0,0,55,0,0,122,823,250
2,66.0,0,53,0,0,126,821,250
2,67.0,0,48,0,0,131,821,250
2,68.0,0,47,0,0,134,819,250
2,69.0,0,46,0,0,137,817,250
2,70.0,0,43,0,0,141,816,250
2,71.0,0,39,0,0,145,816,250
2,72.0,0,36,0,0,148,816,250
2,73.0,0,37,0,0,149,814,250
2,74.0,0,35,0,0,152,813,250
2,75.0,0,29,0,0,159,812,250
2,76.0,0,27,0,0,161,812,250
2,77.0,0,25,0,0,163,812,250
2,78.0,0,26,0,0,163,811,250
2,79.0,0,24,0,0,167,809,250
2,80.0,0,22,0,0,170,808,250
2,81.0,0,23,0,0,171,806,250
2,82.0,0,21,0,0,174,805,250
2,83.0,0,18,0,0,177,805,250
2,84.0,0,19,0,0,178,803,250
2,85.0,0,19,0,0,179,802,250
2,86.0,0,19,0,0,179,802,250
2,87.0,0,16,0,0,182,802,250
2,88.0,0,16,0,0,182,802,250
2,89.0,0,13,0,0,185,802,250
2,90.0,0,12,0,0,187,801,250
2,91.0,0,13,0,0,188,799,250
2,92.0,0,14,0,0,188,798,250
2,93.0,0,16,0,0,188,796,250
2,94.0,0,15,0,0,189,796,250
2,95.0,0,15,0,0,190,795,250
2,96.0,0,14,0,0,191,795,250
2,97.0,0,14,0,0,191,795,250
2,98.0,0,14,0,0,191,795,250
2,99.0,0,13,0,0,192,795,250
2,100.0,0,11,0,0,194,795,250
2,101.0,0,10,0,0,195,795,250
2,102.0,0,9,0,0,196,795,250
2,103.0,0,8,0,0,197,795,250
2,104.0,0,8,0,0,197,795,250
2,105.0,0,7,0,0,198,795,250
2,106.0,0,7,0,0,198,795,250
2,107.0,0,7,0,0,198,795,250
2,108.0,0,8,0,0,198,794,250
2,109.0,0,8,0,0,198,794,250
2,110.0,0,7,0,0,199,794,250
2,111.0,0,8,0,0,200,792,250
2,112.0,0,6,0,0,202,792,250
2,113.0,0,8,0,0,203,789,250
2,114.0,0,6,0,0,205,789,250
2,115.0,0,6,0,0,205,789,250
2,116.0,0,5,0,0,206,789,250
2,117.0,0,5,0,0,206,789,250
2,118.0,0,5,0,0,206,789,250
2,119.0,0,4,0,0,207,789,250
2,120.0,0,4,0,0,207,789,250
2,121.0,0,4,0,0,207,789,250
2,122.0,0,4,0,0,207,789,250
2,123.0,0,4,0,0,207,789,250
2,124.0,0,4,0,0,207,789,250
2,125.0,0,4,0,0,207,789,250
2,126.0,0,7,0,0,207,786,250
2,127.0,0,7,0,0,207,786,250
2,128.0,0,7,0,0,207,786,250
2,129.0,0,7,0,0,207,786,250
2,130.0,0,7,0,0,207,786,250
2,131.0,0,7,0,0,207,786,250
2,132.0,0,4,0,0,210,786,250
2,133.0,0,4,0,0,210,786,250
2,134.0,0,2,0,0,212,786,250
2,135.0,0,2,0,0,212,786,250
2,136.0,0,2,0,0,212,786,250
2,137.0,0,2,0,0,212,786,250
2,138.0,0,2,0,0,212,786,250
2,139.0,0,2,0,0,212,786,250
2,140.0,0,2,0,0,212,786,250
2,141.0,0,2,0,0,212,786,250
2,142.0,0,2,0,0,212,786,250
2,143.0,0,2,0,0,212,786,250
2,144.0,0,2,0,0,212,786,250
2,145.0,0,2,0,0,212,786,250
2,146.0,0,2,0,0,212,786,250
2,147.0,0,0,0,0,214,786,250
4,1.0,0,10,0,0,0,990,750
4,2.0,0,10,0,0,0,990,750
4,3.0,0,10,0,0,0,990,750
4,4.0,0,11,0,0,0,989,750
4,5.0,0,13,0,0,0,987,750
4,6.0,0,15,0,0,0,985,750
4,7.0,0,17,0,0,0,983,750
4,8.0,0,19,0,0,1,980,750
4,9.0,0,19,0,0,1,980,750
4,10.0,0,19,0,0,1,980,750
4,11.0,0,20,0,0,2,978,750
4,12.0,0,23,0,0,2,975,750
4,13.0,0,25,0,0,3,972,750
4,14.0,0,26,0,0,3,971,750
4,15.0,0,28,0,0,3,969,750
4,16.0,0,28,0,0,3,969,750
4,17.0,0,30,0,0,3,967,750
4,18.0,0,34,0,0,3,963,750
4,19.0,0,37,0,0,3,960,750
4,20.0,0,42,0,0,3,955,750
4,21.0,0,37,0,0,12,951,750
4,22.0,0,38,0,0,12,950,750
4,23.0,0,38,0,0,14,948,750
4,24.0,0,39,0,0,14,947,750
4,25.0,0,41,0,0,15,944,750
4,26.0,0,41,0,0,16,943,750
4,27.0,0,42,0,0,18,940,750
4,28.0,0,41,0,0,20,939,750
4,29.0,0,40,0,0,23,937,750
4,30.0,0,39,0,0,24,937,750
4,31.0,0,41,0,0,25,934,750
4,32.0,0,40,0,0,26,934,750
4,33.0,0,41,0,0,29,930,750
4,34.0,0,46,0,0,31,923,750
4,35.0,0,46,0,0,32,922,750
4,36.0,0,48,0,0,34,918,750
4,37.0,0,51,0,0,35,914,750
4,38.0,0,54,0,0,37,909,750
4,39.0,0,53,0,0,41,906,750
4,40.0,0,56,0,0,42,902,750
4,41.0,0,54,0,0,47,899,750
4,42.0,0,56,0,0,51,893,750
4,43.0,0,57,0,0,52,891,750
4,44.0,0,61,0,0,54,885,750
4,45.0,0,66,0,0,55,879,750
4,46.0,0,64,0,0,58,878,750
4,47.0,0,69,0,0,61,870,750
4,48.0,0,73,0,0,63,864,750
4,49.0,0,72,0,0,65,863,750
4,50.0,0,80,0,0,67,853,750
4,51.0,0,82,0,0,68,850,750
4,52.0,0,83,0,0,73,844,750
4,53.0,0,86,0,0,74,840,750
4,54.0,0,84,0,0,77,839,750
4,55.0,0,82,0,0,83,835,750
4,56.0,0,82,0,0,85,833,750
4,57.0,0,84,0,0,89,827,750
4,58.0,0,84,0,0,93,823,750
4,59.0,0,84,0,0,96,820,750
4,60.0,0,85,0,0,98,817,750
4,61.0,0,86,0,0,101,813,750
4,62.0,0,84,0,0,105,811,750
4,63.0,0,85,0,0,111,804,750
4,64.0,0,85,0,0,114,801,750
4,65.0,0,80,0,0,119,801,750
4,66.0,0,77,0,0,124,799,750
4,67.0,0,81,0,0,126,793,750
4,68.0,0,74,0,0,135,791,750
4,69.0,0,70,0,0,140,790,750
4,70.0,0,69,0,0,141,790,750
4,71.0,0,62,0,0,150,788,750
4,72.0,0,61,0,0,154,785,750
4,73.0,0,56,0,0,160,784,750
4,74.0,0,54,0,0,164,782,750
4,75.0,0,55,0,0,165,780,750
4,76.0,0,53,0,0,169,778,750
4,77.0,0,50,0,0,172,778,750
4,78.0,0,49,0,0,178,773,750
4,79.0,0,46,0,0,183,771,750
4,80.0,0,44,0,0,187,769,750
4,81.0,0,44,0,0,189,767,750
4,82.0,0,44,0,0,193,763,750
4,83.0,0,41,0,0,197,762,750
4,84.0,0,39,0,0,202,759,750
4,85.0,0,36,0,0,206,758,750
4,86.0,0,38,0,0,206,756,750
4,87.0,0,41,0,0,208,751,750
4,88.0,0,37,0,0,213,750,750
4,89.0,0,40,0,0,214,746,750
4,90.0,0,41,0,0,215,744,750
4,91.0,0,43,0,0,215,742,750
4,92.0,0,43,0,0,216,741,750
4,93.0,0,44,0,0,218,738,750
4,94.0,0,45,0,0,219,736,750
4,95.0,0,49,0,0,219,732,750
4,96.0,0,47,0,0,222,731,750
4,97.0,0,44,0,0,225,731,750
4,98.0,0,45,0,0,225,730,750
4,99.0,0,42,0,0,230,728,750
4,100.0,0,41,0,0,232,727,750
4,101.0,0,44,0,0,233,723,750
4,102.0,0,41,0,0,236,723,750
4,103.0,0,39,0,0,240,721,750
4,104.0,0,40,0,0,241,719,750
4,105.0,0,40,0,0,243,717,750
4,106.0,0,40,0,0,244,716,750
4,107.0,0,41,0,0,246,713,750
4,108.0,0,38,0,0,251,711,750
4,109.0,0,37,0,0,252,711,750
4,110.0,0,34,0,0,257,709,750
4,111.0,0,35,0,0,258,707,750
4,112.0,0,33,0,0,261,706,750
4,113.0,0,34,0,0,262,704,750
4,114.0,0,31,0,0,266,703,750
4,115.0,0,32,0,0,267,701,750
4,116.0,0,31,0,0,271,698,750
4,117.0,0,28,0,0,274,698,750
4,118.0,0,30,0,0,274,696,750
4,119.0,0,31,0,0,275,694,750
4,120.0,0,31,0,0,277,692,750
4,121.0,0,31,0,0,278,691,750
4,122.0,0,28,0,0,282,690,750
4,123.0,0,31,0,0,282,687,750
4,124.0,0,30,0,0,283,687,750
4,125.0,0,30,0,0,284,686,750
4,126.0,0,28,0,0,286,686,750
4,127.0,0,27,0,0,287,686,750
4,128.0,0,26,0,0,288,686,750
4,129.0,0,24,0,0,290,686,750
4,130.0,0,24,0,0,291,685,750
4,131.0,0,24,0,0,293,683,750
4,132.0,0,22,0,0,296,682,750
4,133.0,0,21,0,0,297,682,750
4,134.0,0,18,0,0,300,682,750
4,135.0,0,21,0,0,301,678,750
4,136.0,0,20,0,0,303,677,750
4,137.0,0,18,0,0,305,677,750
4,138.0,0,20,0,0,305,675,750
4,139.0,0,19,0,0,307,674,750
4,140.0,0,18,0,0,308,674,750
4,141.0,0,18,0,0,310,672,750
4,142.0,0,18,0,0,311,671,750
4,143.0,0,18,0,0,311,671,750
4,144.0,0,16,0,0,313,671,750
4,145.0,0,16,0,0,313,671,750
4,146.0,0,16,0,0,314,670,750
4,147.0,0,17,0,0,314,669,750
4,148.0,0,19,0,0,314,667,750
4,149.0,0,20,0,0,314,666,750
4,150.0,0,20,0,0,314,666,750
4,151.0,0,20,0,0,315,665,750
4,152.0,0,20,0,0,317,663,750
4,153.0,0,18,0,0,319,663,750
4,154.0,0,18,0,0,319,663,750
4,155.0,0,20,0,0,319,661,750
4,156.0,0,17,0,0,323,660,750
4,157.0,0,16,0,0,324,660,750
4,158.0,0,17,0,0,324,659,750
4,159.0,0,14,0,0,327,659,750
4,160.0,0,15,0,0,328,657,750
4,161.0,0,16,0,0,328,656,750
4,162.0,0,15,0,0,330,655,750
4,163.0,0,13,0,0,332,655,750
4,164.0,0,14,0,0,332,654,750
4,165.0,0,16,0,0,332,652,750
4,166.0,0,16,0,0,332,652,750
4,167.0,0,15,0,0,333,652,750
4,168.0,0,18,0,0,333,649,750
4,169.0,0,17,0,0,334,649,750
4,170.0,0,15,0,0,336,649,750
4,171.0,0,15,0,0,336,649,750
4,172.0,0,15,0,0,336,649,750
4,173.0,0,14,0,0,338,648,750
4,174.0,0,15,0,0,338,647,750
4,175.0,0,16,0,0,338,646,750
4,176.0,0,14,0,0,340,646,750
4,177.0,0,13,0,0,341,646,750
4,178.0,0,13,0,0,342,645,750
4,179.0,0,12,0,0,343,645,750
4,180.0,0,12,0,0,343,645,750
4,181.0,0,12,0,0,345,643,750
4,182.0,0,12,0,0,346,642,750
4,183.0,0,10,0,0,348,642,750
4,184.0,0,10,0,0,348,642,750
4,185.0,0,10,0,0,348,642,750
4,186.0,0,8,0,0,350,642,750
4,187.0,0,10,0,0,350,640,750
4,188.0,0,10,0,0,350,640,750
4,189.0,0,7,0,0,353,640,750
4,190.0,0,7,0,0,353,640,750
4,191.0,0,7,0,0,353,640,750
4,192.0,0,7,0,0,353,640,750
4,193.0,0,7,0,0,353,640,750
4,194.0,0,6,0,0,354,640,750
4,195.0,0,6,0,0,354,640,750
4,196.0,0,5,0,0,355,640,750
4,197.0,0,5,0,0,356,639,750
4,198.0,0,5,0,0,357,638,750
4,199.0,0,4,0,0,358,638,750
4,200.0,0,4,0,0,358,638,750
4,201.0,0,4,0,0,358,638,750
4,202.0,0,2,0,0,360,638,750
4,203.0,0,2,0,0,360,638,750
4,204.0,0,2,0,0,360,638,750
4,205.0,0,2,0,0,360,638,750
4,206.0,0,2,0,0,360,638,750
4,207.0,0,2,0,0,360,638,750
4,208.0,0,1,0,0,361,638,750
4,209.0,0,1,0,0,361,638,750
4,210.0,0,1,0,0,361,638,750
4,211.0,0,1,0,0,361,638,750
4,212.0,0,1,0,0,361,638,750
4,213.0,0,1,0,0,361,638,750
4,214.0,0,1,0,0,361,638,750
4,215.0,0,1,0,0,361,638,750
4,216.0,0,2,0,0,361,637,750
4,217.0,0,2,0,0,361,637,750
4,218.0,0,2,0,0,361,637,750
4,219.0,0,1,0,0,362,637,750
4,220.0,0,1,0,0,362,637,750
4,221.0,0,1,0,0,362,637,750
4,222.0,0,1,0,0,362,637,750
4,223.0,0,1,0,0,362,637,750
4,224.0,0,1,0,0,362,637,750
4,225.0,0,1,0,0,362,637,750
4,226.0,0,2,0,0,362,636,750
4,227.0,0,2,0,0,362,636,750
4,228.0,0,2,0,0,362,636,750
4,229.0,0,2,0,0,362,636,750
4,230.0,0,2,0,0,362,636,750
4,231.0,0,2,0,0,362,636,750
4,232.0,0,2,0,0,362,636,750
4,233.0,0,2,0,0,362,636,750
4,234.0,0,2,0,0,362,636,750
4,235.0,0,2,0,0,362,636,750
4,236.0,0,2,0,0,362,636,750
4,237.0,0,1,0,0,363,636,750
4,238.0,0,1,0,0,363,636,750
4,239.0,0,1,0,0,363,636,750
4,240.0,0,1,0,0,363,636,750
4,241.0,0,1,0,0,363,636,750
4,242.0,0,1,0,0,363,636,750
4,243.0,0,1,0,0,363,636,750
4,244.0,0,1,0,0,363,636,750
4,245.0,0,1,0,0,363,636,750
4,246.0,0,1,0,0,363,636,750
4,247.0,0,0,0,0,364,636,750
6,1.0,0,11,0,0,0,739,250
6,2.0,0,12,0,0,0,738,250
6,3.0,0,13,0,0,0,737,250
6,4.0,0,14,0,0,0,736,250
6,5.0,0,14,0,0,1,735,250
6,6.0,0,14,0,0,1,735,250
6,7.0,0,14,0,0,1,735,250
6,8.0,0,13,0,0,2,735,250
6,9.0,0,13,0,0,3,734,250
6,10.0,0,13,0,0,3,734,250
6,11.0,0,19,0,0,3,728,250
6,12.0,0,19,0,0,3,728,250
6,13.0,0,24,0,0,3,723,250
6,14.0,0,23,0,0,4,723,250
6,15.0,0,23,0,0,4,723,250
6,16.0,0,23,0,0,4,723,250
6,17.0,0,26,0,0,4,720,250
6,18.0,0,27,0,0,4,719,250
6,19.0,0,27,0,0,5,718,250
6,20.0,0,27,0,0,6,717,250
6,21.0,0,21,0,0,13,716,250
6,22.0,0,20,0,0,15,715,250
6,23.0,0,19,0,0,16,715,250
6,24.0,0,20,0,0,16,714,250
6,25.0,0,22,0,0,18,710,250
6,26.0,0,21,0,0,19,710,250
6,27.0,0,24,0,0,19,707,250
6,28.0,0,23,0,0,21,706,250
6,29.0,0,23,0,0,21,706,250
6,30.0,0,23,0,0,22,705,250
6,31.0,0,25,0,0,22,703,250
6,32.0,0,20,0,0,28,702,250
6,33.0,0,22,0,0,28,700,250
6,34.0,0,19,0,0,31,700,250
6,35.0,0,19,0,0,32,699,250
6,36.0,0,21,0,0,32,697,250
6,37.0,0,24,0,0,32,694,250
6,38.0,0,25,0,0,34,691,250
6,39.0,0,25,0,0,34,691,250
6,40.0,0,25,0,0,35,690,250
6,41.0,0,26,0,0,35,689,250
6,42.0,0,27,0,0,36,687,250
6,43.0,0,30,0,0,36,684,250
6,44.0,0,34,0,0,36,680,250
6,45.0,0,34,0,0,37,679,250
6,46.0,0,30,0,0,42,678,250
6,47.0,0,32,0,0,42,676,250
6,48.0,0,30,0,0,45,675,250
6,49.0,0,30,0,0,46,674,250
6,50.0,0,30,0,0,46,674,250
6,51.0,0,30,0,0,47,673,250
6,52.0,0,28,0,0,49,673,250
6,53.0,0,28,0,0,50,672,250
6,54.0,0,28,0,0,52,670,250
6,55.0,0,30,0,0,52,668,250
6,56.0,0,29,0,0,55,666,250
6,57.0,0,28,0,0,57,665,250
6,58.0,0,27,0,0,59,664,250
6,59.0,0,26,0,0,61,663,250
6,60.0,0,28,0,0,61,661,250
6,61.0,0,29,0,0,61,660,250
6,62.0,0,29,0,0,62,659,250
6,63.0,0,27,0,0,64,659,250
6,64.0,0,25,0,0,67,658,250
6,65.0,0,23,0,0,71,656,250
6,66.0,0,22,0,0,73,655,250
6,67.0,0,21,0,0,74,655,250
6,68.0,0,20,0,0,76,654,250
6,69.0,0,22,0,0,77,651,250
6,70.0,0,20,0,0,79,651,250
6,71.0,0,20,0,0,79,651,250
6,72.0,0,19,0,0,80,651,250
6,73.0,0,19,0,0,80,651,250
6,74.0,0,18,0,0,81,651,250
6,75.0,0,17,0,0,83,650,250
6,76.0,0,15,0,0,86,649,250
6,77.0,0,13,0,0,88,649,250
6,78.0,0,13,0,0,89,648,250
6,79.0,0,14,0,0,89,647,250
6,80.0,0,13,0,0,90,647,250
6,81.0,0,12,0,0,92,646,250
6,82.0,0,11,0,0,93,646,250
6,83.0,0,11,0,0,93,646,250
6,84.0,0,11,0,0,93,646,250
6,85.0,0,10,0,0,94,646,250
6,86.0,0,8,0,0,96,646,250
6,87.0,0,7,0,0,97,646,250
6,88.0,0,7,0,0,97,646,250
6,89.0,0,6,0,0,98,646,250
6,90.0,0,4,0,0,100,646,250
6,91.0,0,4,0,0,100,646,250
6,92.0,0,4,0,0,100,646,250
6,93.0,0,4,0,0,100,646,250
6,94.0,0,4,0,0,100,646,250
6,95.0,0,5,0,0,100,645,250
6,96.0,0,5,0,0,100,645,250
6,97.0,0,4,0,0,101,645,250
6,98.0,0,5,0,0,101,644,250
6,99.0,0,5,0,0,102,643,250
6,100.0,0,4,0,0,103,643,250
6,101.0,0,4,0,0,103,643,250
6,102.0,0,3,0,0,104,643,250
6,103.0,0,3,0,0,104,643,250
6,104.0,0,3,0,0,104,643,250
6,105.0,0,3,0,0,104,643,250
6,106.0,0,4,0,0,104,642,250
6,107.0,0,4,0,0,104,642,250
6,108.0,0,4,0,0,104,642,250
6,109.0,0,5,0,0,104,641,250
6,110.0,0,7,0,0,104,639,250
6,111.0,0,8,0,0,104,638,250
6,112.0,0,9,0,0,104,637,250
6,113.0,0,9,0,0,104,637,250
6,114.0,0,10,0,0,104,636,250
6,115.0,0,10,0,0,104,636,250
6,116.0,0,9,0,0,105,636,250
6,117.0,0,9,0,0,105,636,250
6,118.0,0,11,0,0,105,634,250
6,119.0,0,11,0,0,107,632,250
6,120.0,0,10,0,0,108,632,250
6,121.0,0,10,0,0,108,632,250
6,122.0,0,10,0,0,108,632,250
6,123.0,0,9,0,0,109,632,250
6,124.0,0,12,0,0,109,629,250
6,125.0,0,12,0,0,109,629,250
6,126.0,0,13,0,0,109,628,250
6,127.0,0,13,0,0,109,628,250
6,128.0,0,13,0,0,109,628,250
6,129.0,0,15,0,0,109,626,250
6,130.0,0,14,0,0,110,626,250
6,131.0,0,13,0,0,112,625,250
6,132.0,0,12,0,0,114,624,250
6,133.0,0,11,0,0,115,624,250
6,134.0,0,11,0,0,115,624,250
6,135.0,0,10,0,0,116,624,250
6,136.0,0,10,0,0,116,624,250
6,137.0,0,13,0,0,116,621,250
6,138.0,0,13,0,0,116,621,250
6,139.0,0,13,0,0,116,621,250
6,140.0,0,12,0,0,118,620,250
6,141.0,0,12,0,0,118,620,250
6,142.0,0,12,0,0,118,620,250
6,143.0,0,12,0,0,118,620,250
6,144.0,0,12,0,0,118,620,250
6,145.0,0,9,0,0,121,620,250
6,146.0,0,9,0,0,121,620,250
6,147.0,0,8,0,0,122,620,250
6,148.0,0,8,0,0,122,620,250
6,149.0,0,9,0,0,122,619,250
6,150.0,0,7,0,0,124,619,250
6,151.0,0,6,0,0,125,619,250
6,152.0,0,6,0,0,125,619,250
6,153.0,0,5,0,0,126,619,250
6,154.0,0,5,0,0,126,619,250
6,155.0,0,6,0,0,126,618,250
6,156.0,0,6,0,0,126,618,250
6,157.0,0,6,0,0,126,618,250
6,158.0,0,5,0,0,129,616,250
6,159.0,0,5,0,0,129,616,250
6,160.0,0,5,0,0,129,616,250
6,161.0,0,4,0,0,130,616,250
6,162.0,0,4,0,0,130,616,250
6,163.0,0,5,0,0,130,615,250
6,164.0,0,5,0,0,130,615,250
6,165.0,0,4,0,0,131,615,250
6,166.0,0,4,0,0,131,615,250
6,167.0,0,4,0,0,131,615,250
6,168.0,0,4,0,0,131,615,250
6,169.0,0,4,0,0,131,615,250
6,170.0,0,3,0,0,132,615,250
6,171.0,0,2,0,0,133,615,250
6,172.0,0,2,0,0,133,615,250
6,173.0,0,2,0,0,133,615,250
6,174.0,0,2,0,0,133,615,250
6,175.0,0,2,0,0,133,615,250
6,176.0,0,2,0,0,133,615,250
6,177.0,0,2,0,0,133,615,250
6,178.0,0,3,0,0,133,614,250
6,179.0,0,1,0,0,135,614,250
6,180.0,0,1,0,0,135,614,250
6,181.0,0,1,0,0,135,614,250
6,182.0,0,1,0,0,135,614,250
6,183.0,0,1,0,0,135,614,250
6,184.0,0,1,0,0,135,614,250
6,185.0,0,1,0,0,135,614,250
6,186.0,0,2,0,0,135,613,250
6,187.0,0,2,0,0,135,613,250
6,188.0,0,2,0,0,135,613,250
6,189.0,0,2,0,0,135,613,250
6,190.0,0,2,0,0,135,613,250
6,191.0,0,2,0,0,135,613,250
6,192.0,0,2,0,0,135,613,250
6,193.0,0,2,0,0,135,613,250
6,194.0,0,2,0,0,135,613,250
6,195.0,0,2,0,0,135,613,250
6,196.0,0,2,0,0,135,613,250
6,197.0,0,2,0,0,135,613,250
6,198.0,0,2,0,0,135,613,250
6,199.0,0,1,0,0,136,613,250
6,200.0,0,1,0,0,136,613,250
6,201.0,0,1,0,0,136,613,250
6,202.0,0,1,0,0,136,613,250
6,203.0,0,1,0,0,136,613,250
6,204.0,0,2,0,0,136,612,250
6,205.0,0,2,0,0,136,612,250
6,206.0,0,2,0,0,136,612,250
6,207.0,0,1,0,0,137,612,250
6,208.0,0,1,0,0,137,612,250
6,209.0,0,1,0,0,137,612,250
6,210.0,0,1,0,0,137,612,250
6,211.0,0,0,0,0,138,612,250
8,1.0,0,10,0,0,1,739,750
8,2.0,0,11,0,0,1,738,750
8,3.0,0,9,0,0,3,738,750
8,4.0,0,9,0,0,3,738,750
8,5.0,0,11,0,0,3,736,750
8,6.0,0,12,0,0,3,735,750
8,7.0,0,12,0,0,3,735,750
8,8.0,0,13,0,0,3,734,750
8,9.0,0,14,0,0,3,733,750
8,10.0,0,14,0,0,3,733,750
8,11.0,0,14,0,0,4,732,750
8,12.0,0,14,0,0,4,732,750
8,13.0,0,14,0,0,4,732,750
8,14.0,0,16,0,0,4,730,750
8,15.0,0,18,0,0,4,728,750
8,16.0,0,19,0,0,4,727,750
8,17.0,0,18,0,0,5,727,750
8,18.0,0,18,0,0,5,727,750
8,19.0,0,19,0,0,6,725,750
8,20.0,0,19,0,0,6,725,750
8,21.0,0,13,0,0,12,725,750
8,22.0,0,12,0,0,13,725,750
8,23.0,0,12,0,0,13,725,750
8,24.0,0,14,0,0,13,723,750
8,25.0,0,14,0,0,13,723,750
8,26.0,0,13,0,0,14,723,750
8,27.0,0,12,0,0,15,723,750
8,28.0,0,12,0,0,15,723,750
8,29.0,0,11,0,0,16,723,750
8,30.0,0,10,0,0,17,723,750
8,31.0,0,10,0,0,17,723,750
8,32.0,0,10,0,0,18,722,750
8,33.0,0,11,0,0,18,721,750
8,34.0,0,12,0,0,18,720,750
8,35.0,0,10,0,0,20,720,750
8,36.0,0,9,0,0,22,719,750
8,37.0,0,10,0,0,23,717,750
8,38.0,0,11,0,0,23,716,750
8,39.0,0,12,0,0,23,715,750
8,40.0,0,11,0,0,25,714,750
8,41.0,0,12,0,0,25,713,750
8,42.0,0,13,0,0,25,712,750
8,43.0,0,13,0,0,25,712,750
8,44.0,0,14,0,0,25,711,750
8,45.0,0,12,0,0,28,710,750
8,46.0,0,12,0,0,28,710,750
8,47.0,0,12,0,0,28,710,750
8,48.0,0,12,0,0,28,710,750
8,49.0,0,12,0,0,28,710,750
8,50.0,0,12,0,0,28,710,750
8,51.0,0,12,0,0,29,709,750
8,52.0,0,12,0,0,29,709,750
8,53.0,0,11,0,0,30,709,750
8,54.0,0,13,0,0,31,706,750
8,55.0,0,14,0,0,32,704,750
8,56.0,0,16,0,0,32,702,750
8,57.0,0,15,0,0,33,702,750
8,58.0,0,14,0,0,35,701,750
8,59.0,0,16,0,0,35,699,750
8,60.0,0,15,0,0,36,699,750
8,61.0,0,13,0,0,38,699,750
8,62.0,0,13,0,0,38,699,750
8,63.0,0,12,0,0,39,699,750
8,64.0,0,13,0,0,39,698,750
8,65.0,0,12,0,0,40,698,750
8,66.0,0,14,0,0,40,696,750
8,67.0,0,15,0,0,40,695,750
8,68.0,0,16,0,0,40,694,750
8,69.0,0,17,0,0,40,693,750
8,70.0,0,17,0,0,40,693,750
8,71.0,0,18,0,0,40,692,750
8,72.0,0,16,0,0,42,692,750
8,73.0,0,17,0,0,42,691,750
8,74.0,0,18,0,0,42,690,750
8,75.0,0,16,0,0,45,689,750
8,76.0,0,15,0,0,47,688,750
8,77.0,0,13,0,0,49,688,750
8,78.0,0,13,0,0,49,688,750
8,79.0,0,12,0,0,50,688,750
8,80.0,0,11,0,0,51,688,750
8,81.0,0,11,0,0,51,688,750
8,82.0,0,11,0,0,51,688,750
8,83.0,0,11,0,0,51,688,750
8,84.0,0,11,0,0,51,688,750
8,85.0,0,10,0,0,52,688,750
8,86.0,0,10,0,0,52,688,750
8,87.0,0,10,0,0,54,686,750
8,88.0,0,9,0,0,55,686,750
8,89.0,0,8,0,0,57,685,750
8,90.0,0,7,0,0,58,685,750
8,91.0,0,9,0,0,58,683,750
8,92.0,0,8,0,0,59,683,750
8,93.0,0,10,0,0,59,681,750
8,94.0,0,9,0,0,60,681,750
8,95.0,0,9,0,0,60,681,750
8,96.0,0,8,0,0,61,681,750
8,97.0,0,7,0,0,62,681,750
8,98.0,0,7,0,0,62,681,750
8,99.0,0,7,0,0,62,681,750
8,100.0,0,7,0,0,62,681,750
8,101.0,0,8,0,0,62,680,750
8,102.0,0,8,0,0,62,680,750
8,103.0,0,8,0,0,62,680,750
8,104.0,0,8,0,0,62,680,750
8,105.0,0,9,0,0,62,679,750
8,106.0,0,9,0,0,62,679,750
8,107.0,0,9,0,0,62,679,750
8,108.0,0,7,0,0,64,679,750
8,109.0,0,6,0,0,65,679,750
8,110.0,0,5,0,0,66,679,750
8,111.0,0,5,0,0,66,679,750
8,112.0,0,3,0,0,68,679,750
8,113.0,0,3,0,0,68,679,750
8,114.0,0,2,0,0,69,679,750
8,115.0,0,3,0,0,69,678,750
8,116.0,0,3,0,0,69,678,750
8,117.0,0,3,0,0,69,678,750
8,118.0,0,3,0,0,69,678,750
8,119.0,0,3,0,0,69,678,750
8,120.0,0,3,0,0,69,678,750
8,121.0,0,3,0,0,69,678,750
8,122.0,0,2,0,0,70,678,750
8,123.0,0,2,0,0,70,678,750
8,124.0,0,2,0,0,70,678,750
8,125.0,0,2,0,0,70,678,750
8,126.0,0,1,0,0,71,678,750
8,127.0,0,1,0,0,71,678,750
8,128.0,0,1,0,0,71,678,750
8,129.0,0,0,0,0,72,678,750
10,1.0,0,11,0,0,0,489,250
10,2.0,0,11,0,0,0,489,250
10,3.0,0,11,0,0,0,489,250
10,4.0,0,10,0,0,1,489,250
10,5.0,0,9,0,0,2,489,250
10,6.0,0,10,0,0,2,488,250
10,7.0,0,14,0,0,2,484,250
10,8.0,0,14,0,0,2,484,250
10,9.0,0,15,0,0,2,483,250
10,10.0,0,16,0,0,2,482,250
10,11.0,0,17,0,0,2,481,250
10,12.0,0,20,0,0,2,478,250
10,13.0,0,20,0,0,2,478,250
10,14.0,0,20,0,0,2,478,250
10,15.0,0,20,0,0,2,478,250
10,16.0,0,21,0,0,2,477,250
10,17.0,0,21,0,0,2,477,250
10,18.0,0,21,0,0,2,477,250
10,19.0,0,21,0,0,2,477,250
10,20.0,0,22,0,0,2,476,250
10,21.0,0,14,0,0,10,476,250
10,22.0,0,14,0,0,11,475,250
10,23.0,0,14,0,0,11,475,250
10,24.0,0,15,0,0,11,474,250
10,25.0,0,17,0,0,11,472,250
10,26.0,0,18,0,0,11,471,250
10,27.0,0,17,0,0,13,470,250
10,28.0,0,13,0,0,17,470,250
10,29.0,0,14,0,0,17,469,250
10,30.0,0,13,0,0,18,469,250
10,31.0,0,13,0,0,19,468,250
10,32.0,0,11,0,0,21,468,250
10,33.0,0,9,0,0,24,467,250
10,34.0,0,9,0,0,24,467,250
10,35.0,0,9,0,0,24,467,250
10,36.0,0,9,0,0,24,467,250
10,37.0,0,9,0,0,25,466,250
10,38.0,0,9,0,0,25,466,250
10,39.0,0,10,0,0,25,465,250
10,40.0,0,11,0,0,25,464,250
10,41.0,0,11,0,0,25,464,250
10,42.0,0,12,0,0,25,463,250
10,43.0,0,11,0,0,26,463,250
10,44.0,0,11,0,0,26,463,250
10,45.0,0,10,0,0,27,463,250
10,46.0,0,8,0,0,29,463,250
10,47.0,0,7,0,0,30,463,250
10,48.0,0,9,0,0,31,460,250
10,49.0,0,9,0,0,31,460,250
10,50.0,0,11,0,0,31,458,250
10,51.0,0,11,0,0,31,458,250
10,52.0,0,10,0,0,32,458,250
10,53.0,0,10,0,0,32,458,250
10,54.0,0,10,0,0,33,457,250
10,55.0,0,10,0,0,33,457,250
10,56.0,0,11,0,0,33,456,250
10,57.0,0,11,0,0,33,456,250
10,58.0,0,10,0,0,34,456,250
10,59.0,0,10,0,0,34,456,250
10,60.0,0,8,0,0,36,456,250
10,61.0,0,10,0,0,37,453,250
10,62.0,0,10,0,0,37,453,250
10,63.0,0,9,0,0,38,453,250
10,64.0,0,9,0,0,38,453,250
10,65.0,0,9,0,0,38,453,250
10,66.0,0,9,0,0,38,453,250
10,67.0,0,9,0,0,38,453,250
10,68.0,0,9,0,0,38,453,250
10,69.0,0,6,0,0,41,453,250
10,70.0,0,6,0,0,41,453,250
10,71.0,0,5,0,0,42,453,250
10,72.0,0,5,0,0,42,453,250
10,73.0,0,5,0,0,42,453,250
10,74.0,0,5,0,0,42,453,250
10,75.0,0,4,0,0,43,453,250
10,76.0,0,4,0,0,43,453,250
10,77.0,0,3,0,0,44,453,250
10,78.0,0,3,0,0,44,453,250
10,79.0,0,3,0,0,44,453,250
10,80.0,0,3,0,0,44,453,250
10,81.0,0,3,0,0,44,453,250
10,82.0,0,0,0,0,47,453,250
10,83.0,0,0,0,0,47,453,250
12,1.0,0,11,0,0,0,489,750
12,2.0,0,11,0,0,0,489,750
12,3.0,0,12,0,0,0,488,750
12,4.0,0,12,0,0,0,488,750
12,5.0,0,12,0,0,0,488,750
12,6.0,0,13,0,0,0,487,750
12,7.0,0,12,0,0,1,487,750
12,8.0,0,13,0,0,1,486,750
12,9.0,0,13,0,0,1,486,750
12,10.0,0,13,0,0,1,486,750
12,11.0,0,13,0,0,1,486,750
12,12.0,0,13,0,0,1,486,750
12,13.0,0,13,0,0,1,486,750
12,14.0,0,13,0,0,1,486,750
12,15.0,0,13,0,0,1,486,750
12,16.0,0,13,0,0,1,486,750
12,17.0,0,14,0,0,1,485,750
12,18.0,0,14,0,0,1,485,750
12,19.0,0,14,0,0,2,484,750
12,20.0,0,14,0,0,2,484,750
12,21.0,0,7,0,0,10,483,750
12,22.0,0,7,0,0,11,482,750
12,23.0,0,7,0,0,11,482,750
12,24.0,0,6,0,0,12,482,750
12,25.0,0,6,0,0,12,482,750
12,26.0,0,6,0,0,12,482,750
12,27.0,0,5,0,0,13,482,750
12,28.0,0,5,0,0,13,482,750
12,29.0,0,4,0,0,14,482,750
12,30.0,0,4,0,0,14,482,750
12,31.0,0,4,0,0,14,482,750
12,32.0,0,4,0,0,14,482,750
12,33.0,0,4,0,0,14,482,750
12,34.0,0,4,0,0,14,482,750
12,35.0,0,5,0,0,14,481,750
12,36.0,0,5,0,0,14,481,750
12,37.0,0,5,0,0,14,481,750
12,38.0,0,4,0,0,15,481,750
12,39.0,0,4,0,0,15,481,750
12,40.0,0,3,0,0,16,481,750
12,41.0,0,3,0,0,16,481,750
12,42.0,0,3,0,0,17,480,750
12,43.0,0,2,0,0,18,480,750
12,44.0,0,2,0,0,18,480,750
12,45.0,0,2,0,0,18,480,750
12,46.0,0,2,0,0,18,480,750
12,47.0,0,2,0,0,18,480,750
12,48.0,0,2,0,0,18,480,750
12,49.0,0,2,0,0,18,480,750
12,50.0,0,2,0,0,18,480,750
12,51.0,0,2,0,0,18,480,750
12,52.0,0,2,0,0,18,480,750
12,53.0,0,2,0,0,18,480,750
12,54.0,0,2,0,0,18,480,750
12,55.0,0,2,0,0,18,480,750
12,56.0,0,1,0,0,19,480,750
12,57.0,0,1,0,0,19,480,750
12,58.0,0,1,0,0,19,480,750
12,59.0,0,1,0,0,19,480,750
12,60.0,0,1,0,0,19,480,750
12,61.0,0,1,0,0,19,480,750
12,62.0,0,1,0,0,19,480,750
12,63.0,0,0,0,0,20,480,750
14,1.0,0,10,0,0,0,240,250
14,2.0,0,10,0,0,0,240,250
14,3.0,0,10,0,0,0,240,250
14,4.0,0,10,0,0,0,240,250
14,5.0,0,10,0,0,0,240,250
14,6.0,0,10,0,0,0,240,250
14,7.0,0,10,0,0,0,240,250
14,8.0,0,10,0,0,0,240,250
14,9.0,0,10,0,0,0,240,250
14,10.0,0,10,0,0,0,240,250
14,11.0,0,10,0,0,0,240,250
14,12.0,0,10,0,0,0,240,250
14,13.0,0,11,0,0,0,239,250
14,14.0,0,13,0,0,0,237,250
14,15.0,0,13,0,0,0,237,250
14,16.0,0,14,0,0,0,236,250
14,17.0,0,14,0,0,0,236,250
14,18.0,0,15,0,0,0,235,250
14,19.0,0,16,0,0,0,234,250
14,20.0,0,15,0,0,1,234,250
14,21.0,0,5,0,0,11,234,250
14,22.0,0,5,0,0,11,234,250
14,23.0,0,5,0,0,11,234,250
14,24.0,0,5,0,0,11,234,250
14,25.0,0,6,0,0,11,233,250
14,26.0,0,7,0,0,11,232,250
14,27.0,0,7,0,0,11,232,250
14,28.0,0,7,0,0,11,232,250
14,29.0,0,7,0,0,11,232,250
14,30.0,0,7,0,0,11,232,250
14,31.0,0,7,0,0,11,232,250
14,32.0,0,7,0,0,11,232,250
14,33.0,0,7,0,0,11,232,250
14,34.0,0,6,0,0,12,232,250
14,35.0,0,5,0,0,13,232,250
14,36.0,0,5,0,0,13,232,250
14,37.0,0,5,0,0,14,231,250
14,38.0,0,5,0,0,14,231,250
14,39.0,0,5,0,0,15,230,250
14,40.0,0,4,0,0,16,230,250
14,41.0,0,4,0,0,16,230,250
14,42.0,0,4,0,0,16,230,250
14,43.0,0,4,0,0,16,230,250
14,44.0,0,4,0,0,16,230,250
14,45.0,0,4,0,0,16,230,250
14,46.0,0,3,0,0,17,230,250
14,47.0,0,2,0,0,18,230,250
14,48.0,0,2,0,0,18,230,250
14,49.0,0,2,0,0,18,230,250
14,50.0,0,2,0,0,18,230,250
14,51.0,0,2,0,0,18,230,250
14,52.0,0,2,0,0,18,230,250
14,53.0,0,2,0,0,18,230,250
14,54.0,0,2,0,0,18,230,250
14,55.0,0,2,0,0,18,230,250
14,56.0,0,2,0,0,18,230,250
14,57.0,0,2,0,0,18,230,250
14,58.0,0,1,0,0,19,230,250
14,59.0,0,1,0,0,19,230,250
14,60.0,0,0,0,0,20,230,250
16,1.0,0,10,0,0,0,240,750
16,2.0,0,10,0,0,0,240,750
16,3.0,0,10,0,0,0,240,750
16,4.0,0,10,0,0,0,240,750
16,5.0,0,11,0,0,0,239,750
16,6.0,0,11,0,0,0,239,750
16,7.0,0,11,0,0,0,239,750
16,8.0,0,11,0,0,0,239,750
16,9.0,0,12,0,0,0,238,750
16,10.0,0,12,0,0,0,238,750
16,11.0,0,12,0,0,0,238,750
16,12.0,0,13,0,0,0,237,750
16,13.0,0,13,0,0,0,237,750
16,14.0,0,13,0,0,0,237,750
16,15.0,0,13,0,0,0,237,750
16,16.0,0,14,0,0,0,236,750
16,17.0,0,15,0,0,0,235,750
16,18.0,0,15,0,0,0,235,750
16,19.0,0,15,0,0,0,235,750
16,20.0,0,15,0,0,0,235,750
16,21.0,0,5,0,0,10,235,750
16,22.0,0,5,0,0,10,235,750
16,23.0,0,5,0,0,10,235,750
16,24.0,0,5,0,0,10,235,750
16,25.0,0,5,0,0,10,235,750
16,26.0,0,4,0,0,11,235,750
16,27.0,0,4,0,0,11,235,750
16,28.0,0,4,0,0,11,235,750
16,29.0,0,4,0,0,11,235,750
16,30.0,0,5,0,0,12,233,750
16,31.0,0,6,0,0,12,232,750
16,32.0,0,6,0,0,12,232,750
16,33.0,0,5,0,0,13,232,750
16,34.0,0,6,0,0,13,231,750
16,35.0,0,6,0,0,13,231,750
16,36.0,0,6,0,0,13,231,750
16,37.0,0,5,0,0,14,231,750
16,38.0,0,4,0,0,15,231,750
16,39.0,0,4,0,0,15,231,750
16,40.0,0,4,0,0,15,231,750
16,41.0,0,4,0,0,15,231,750
16,42.0,0,4,0,0,15,231,750
16,43.0,0,4,0,0,15,231,750
16,44.0,0,4,0,0,15,231,750
16,45.0,0,4,0,0,15,231,750
16,46.0,0,4,0,0,15,231,750
16,47.0,0,3,0,0,16,231,750
16,48.0,0,3,0,0,16,231,750
16,49.0,0,3,0,0,16,231,750
16,50.0,0,4,0,0,16,230,750
16,51.0,0,3,0,0,17,230,750
16,52.0,0,2,0,0,18,230,750
16,53.0,0,2,0,0,18,230,750
16,54.0,0,2,0,0,18,230,750
16,55.0,0,1,0,0,19,230,750
16,56.0,0,1,0,0,19,230,750
16,57.0,0,1,0,0,19,230,750
16,58.0,0,1,0,0,19,230,750
16,59.0,0,1,0,0,19,230,750
16,60.0,0,1,0,0,19,230,750
16,61.0,0,1,0,0,19,230,750
16,62.0,0,1,0,0,19,230,750
16,63.0,0,1,0,0,19,230,750
16,64.0,0,1,0,0,19,230,750
16,65.0,0,1,0,0,19,230,750
16,66.0,0,1,0,0,19,230,750
16,67.0,0,1,0,0,19,230,750
16,68.0,0,1,0,0,19,230,750
16,69.0,0,1,0,0,19,230,750
16,70.0,0,1,0,0,19,230,750
16,71.0,0,0,0,0,20,230,750
16,72.0,0,0,0,0,20,230,750
